335
332
337
344
339
334
338
342
337
341
344
339
334
336
345
341
333
335
339
340
338
340
341
336
336
341
342
335
335
342
341
333
333
345
345
338
334
342
342
337
342
343
336
331
339
346
338
332
340
343
337
333
343
338
337
342
342
341
335
340
340
340
337
338
341
336
335
341
343
334
335
344
341
336
337
345
343
333
333
344
344
337
338
343
342
336
338
344
342
336
341
346
339
334
335
339
339
337
338
342
337
338
348
343
335
337
345
346
338
336
344
340
336
337
345
343
337
340
345
338
332
341
346
338
338
342
340
336
335
345
349
336
336
342
341
338
337
344
337
334
342
344
339
334
338
343
344
338
337
340
337
336
341
343
340
334
337
336
334
333
339
337
336
342
337
335
337
338
337
336
335
341
345
340
334
334
338
335
336
342
336
333
337
341
336
333
337
335
333
332
337
339
334
332
339
342
334
333
340
338
335
334
338
338
334
332
340
343
334
333
339
337
334
340
344
333
335
341
340
334
334
343
348
341
339
337
338
334
334
347
342
336
338
342
340
335
340
343
333
332
345
349
340
333
340
342
336
337
344
342
331
337
347
340
334
338
343
340
329
336
347
343
339
338
342
340
337
340
340
338
335
340
342
337
338
344
345
333
335
343
343
336
336
342
339
333
336
344
338
334
336
340
338
338
338
340
334
337
343
338
330
335
337
340
336
336
338
340
337
336
340
337
332
338
343
337
333
348
345
334
334
343
344
336
335
341
340
334
336
343
344
336
335
345
338
332
339
345
337
333
340
342
337
336
341
343
333
331
337
340
337
336
338
338
337
340
342
334
330
340
344
339
334
344
343
335
333
338
341
331
332
343
342
332
331
343
342
333
333
337
336
332
338
342
336
333
341
341
338
335
340
339
332
330
340
342
333
335
344
341
332
334
343
345
333
334
344
339
336
341
341
338
335
338
342
336
340
346
346
338
334
343
344
336
336
344
346
336
336
340
343
335
338
342
342
334
333
342
342
339
341
339
337
340
341
338
336
336
341
341
334
337
346
339
337
337
342
340
335
338
342
340
337
339
342
336
333
336
342
336
335
338
336
335
335
338
338
337
336
341
341
331
334
343
339
336
339
343
336
334
339
342
337
332
337
343
340
336
342
339
333
338
341
340
328
335
346
343
333
336
342
338
335
339
337
334
337
344
344
339
332
341
344
338
342
342
336
332
337
347
339
332
331
341
335
330
340
344
340
331
333
342
338
336
338
339
338
338
340
339
325
331
346
340
330
332
340
338
332
333
338
331
335
343
341
330
329
341
345
332
330
336
341
340
336
337
337
331
337
345
341
330
332
339
340
335
340
342
327
334
345
344
337
330
336
343
338
337
338
332
333
340
342
336
327
336
343
342
332
340
336
329
330
339
367
392
335
324
408
455
383
334
340
348
372
339
348
337
382
314
293
386
341
312
319
351
350
354
316
309
331
344
381
339
297
317
327
335
335
338
328
331
334
330
330
334
329
329
325
331
335
328
322
329
326
406
423
379
333
323
330
329
332
321
328
335
342
318
330
337
329
330
331
327
330
323
337
337
330
325
330
338
334
326
328
333
330
331
337
335
329
332
339
335
329
332
337
334
332
334
335
324
333
343
334
323
330
337
332
329
330
332
334
328
330
340
335
329
329
340
338
330
329
336
332
328
332
334
332
330
334
334
326
326
332
331
331
327
333
332
324
330
335
331
324
324
337
335
330
334
334
328
331
336
338
332
326
334
336
327
330
339
332
327
336
343
335
331
332
338
332
327
332
338
334
329
335
334
333
336
338
335
334
331
336
334
330
329
338
342
335
333
335
335
332
337
337
332
331
336
336
331
333
342
343
334
331
335
341
335
334
340
336
337
341
344
336
332
337
339
335
331
336
339
332
334
342
345
334
334
340
338
336
335
342
340
338
338
341
339
333
341
343
337
333
342
344
336
334
338
342
335
335
346
346
334
334
341
340
338
337
337
340
340
343
344
339
336
341
342
334
334
345
342
335
336
343
344
338
331
338
346
340
340
343
338
336
341
346
334
335
344
348
340
336
342
344
339
337
343
342
333
341
349
345
337
338
346
348
339
333
341
344
345
346
346
339
337
343
348
340
335
342
343
339
338
344
344
334
339
342
346
341
340
344
341
336
342
343
339
338
344
346
341
339
344
346
342
331
344
349
342
338
342
341
336
339
344
342
334
336
344
344
337
338
345
342
337
336
344
341
338
343
344
336
336
346
344
335
341
348
342
337
339
346
341
334
339
348