344
334
329
341
347
340
332
335
337
338
337
344
342
332
335
344
342
329
339
345
338
334
340
345
338
337
339
340
336
338
341
338
332
337
346
346
334
337
343
334
334
342
341
336
332
342
345
343
336
341
340
336
334
346
346
334
332
339
348
338
334
341
341
339
338
340
337
336
344
342
336
335
342
344
337
337
337
341
338
338
347
343
334
335
342
341
332
336
344
340
336
342
343
336
332
338
342
340
337
338
340
337
336
341
342
328
333
343
339
339
338
340
335
333
339
344
340
333
336
340
340
338
338
338
338
336
339
338
337
340
344
341
334
331
339
339
333
336
344
340
332
336
341
342
337
340
344
337
335
342
342
336
337
342
339
334
338
339
336
335
341
344
337
334
338
344
340
331
340
344
338
333
340
338
337
338
340
339
333
335
342
345
337
332
342
342
335
335
340
337
334
336
340
343
335
341
342
340
333
334
338
340
335
337
338
338
339
338
336
333
342
342
336
331
334
337
337
336
337
339
336
334
338
339
337
332
343
342
335
329
338
343
340
335
340
340
337
336
342
336
334
342
344
333
330
343
346
337
336
342
337
333
335
342
337
334
337
344
337
336
337
339
337
335
339
340
339
335
339
340
335
337
347
338
327
335
348
342
330
333
338
338
333
339
347
338
332
332
342
336
334
338
340
336
335
342
338
332
334
342
341
332
332
342
341
332
332
339
344
340
333
338
338
335
337
339
341
336
341
340
337
338
336
338
338
333
340
347
336
331
338
342
337
335
334
338
337
339
338
338
339
351
336
328
330
338
342
342
332
335
340
345
340
339
334
331
338
344
336
329
337
349
345
328
330
342
345
339
336
335
330
336
345
340
339
339
339
334
333
338
344
335
333
334
348
344
326
332
343
338
333
337
340
338
335
342
336
337
340
342
336
333
336
345
342
336
330
334
337
336
338
342
336
332
336
347
338
329
333
342
335
333
338
335
335
339
346
340
332
338
338
341
337
333
339
340
334
342
346
337
332
341
340
340
333
342
340
337
339
336
342
337
336
342
336
336
340
341
336
340
341
341
336
328
335
341
339
333
341
340
338
332
340
340
334
332
342
343
337
334
337
344
346
336
335
336
339
336
341
342
339
343
340
334
334
340
340
341
339
340
342
344
340
343
340
333
338
345
358
354
343
354
385
392
360
343
360
370
321
323
324
383
400
314
283
388
363
291
304
377
435
335
259
335
357
337
343
342
323
324
340
362
343
339
348
333
338
312
336
349
329
314
333
347
334
331
331
338
340
331
336
341
329
325
331
345
338
336
329
347
333
328
338
346
333
328
333
332
333
341
341
341
316
335
345
331
324
330
338
330
324
339
336
341
336
332
339
330
327
334
335
326
327
341
339
328
330
341
337
332
339
338
329
322
340
339
328
323
329
339
336
333
332
331
326
329
337
340
336
331
331
331
335
340
335
327
323
334
341
335
332
335
340
338
332
337
336
328
329
338
343
337
323
338
340
331
333
337
337
348
335
326
339
336
335
334
331
331
338
349
342
328
325
334
335
334
338
336
338
341
343
329
328
334
335
333
333
340
344
345
342
330
331
333
334
338
338
332
336
345
348
334
325
335
337
333
336
340
337
336
338
340
338
334
338
339
335
335
352
344
330
331
335
339
335
336
345
339
325
334
345
342
335
337
341
335
332
347
347
330
328
342
341
335
333
340
341
340
341
343
341
331
334
341
342
339
340
338
337
335
339
342
338
334
340
343
339
338
341
348
333
330
342
344
335
333
339
342
340
340
337
337
332
337
344
338
331
340
340
332
330
340
345
334
334
344
347
334
334
339
337
334
334
343
340
336
342
345
335
331
338
343
335
332
340
343
341
331
332
340
337
338
342
343
343
334
335
338
337
337
341
340
336
343
346
336
327
336
344
338
336
343
342
337
338
342
341
337
338
351
353
332
331
341
341
336
340
344
341
338
336
341
337
335
340
342
339
340
346
341
328
334
345
344
339
334
341
342
334
335
340
340
335
338
341
337
336
339
346
338
336
341
336
332
336
346
343
334
338
340
338
332
336
342
341
340
334
338
342
338
337
342
340
337
338
341
332
333
342
341
336
340
342
340
332
335
344
340
336
342
344
336
331
336
344
339
337
341
346
334
328
337
344
339
337
338
336
332
338
345
339
334
336
344
336
333
338
342
340
335
342
342
342
333
334
343
342
335
340
342
338
336
341
340
341
338
337
336
339
342
343
334
331
339
343
337
330
342
345
339
333
337
342
334
333
339
339
342
336