354
346
331
335
348
346
333
337
350
343
334
339
350
342
327
340
345
337
332
342
344
335
336
344
342
334
339
345
343
334
332
344
340
332
337
344
338
334
337
346
337
337
342
340
338
338
343
337
331
340
343
339
336
339
343
340
332
333
341
344
337
334
337
334
337
344
340
332
334
346
342
325
331
345
340
333
342
348
334
326
336
344
341
335
340
342
334
333
343
341
333
339
354
340
325
329
344
344
338
342
343
334
331
338
344
340
332
341
347
335
330
341
344
336
334
342
340
334
336
348
349
334
330
338
338
334
341
350
340
332
338
342
338
336
341
346
332
336
341
337
332
338
341
342
337
336
338
335
331
341
347
337
330
341
344
333
328
341
348
330
326
339
347
328
328
338
340
333
335
342
343
329
334
341
333
329
336
344
341
334
338
348
339
331
334
336
331
337
344
336
332
340
345
335
332
341
344
341
327
340
354
346
326
344
353
340
333
351
349
334
340
357
349
339
332
348
347
333
337
355
351
331
336
351
347
331
345
349
340
333
349
352
337
337
357
342
326
333
360
351
337
338
352
348
332
341
353
340
324
341
348
344
334
352
346
333
332
350
366
348
324
340
360
366
344
333
356
386
368
314
327
363
351
311
309
330
355
348
344
371
347
299
302
318
358
352
324
334
336
332
331
353
332
311
313
337
330
320
316
335
334
329
331
331
320
322
325
342
348
333
304
320
328
328
330
339
334
326
333
338
329
323
342
328
319
320
338
328
323
322
332
329
319
323
348
340
312
314
334
336
324
326
331
333
320
330
347
331
322
334
334
324
331
342
335
325
328
343
344
332
336
344
339
327
345
347
331
326
344
348
336
332
346
347
340
336
351
340
331
334
350
344
336
338
348
338
329
342
347
344
334
342
342
342
334
345
342
337
337
354
344
331
339
364
341
327
336
352
347
336
348
350
339
329
347
347
342
332
351
345
343
340
349
344
337
333
350
347
337
336
350
348
334
343
360
342
329
343
351
341
333
349
349
339
334
368
352
326
331
352
340
322
336
353
348
330
336
344
334
323
344
344
333
326
348
342
337
344
343
335
329
337
348
345
338
339
351
344
331
340
344
342
328
348
340
334
335
352
339
333
334
340
336
324
331
343
330
315
325
344
338
326
333
340
348
342
334
329
334
327
341
338
337
325
334
325
318
316
336
337
321
318
340
344
327
329
339
335
338
335
331
329
330
338
332
328
329
339
328
317
324
339
330
320
326
343
334
326
330
334
322
322
339
336
325
326
334
333
320
324
335
336
324
328
340
333
326
335
345
338
323
326
335
333
330
336
338
335
337
340
336
331
336
338
340
332
338
339
336
325
337
343
333
330
340
343
338
330
334
339
333
337
340
344
341
334
340
337
330
336
348
343
328
331
349
344
328
332
343
338
335
337
340
331
335
342
343
334
332
344
346
336
338
346
335
331
335
342
339
334
344
349
340
333
339
345
336
339
344
344
336
332
340
340
332
337
345
343
342
346
345
332
332
338
347
345
334
337
341
336
336
348
349
334
338
347
342
331
336
346
344
340
342
344
332
330
338
345
338
336
348
347
334
332
345
345
334
336
346
347
344
341
342
345
328
332
346
343
335
339
351
344
334
342
344
334
332
341
346
339
342
343
343
334
333
342
342
334
343
352
341
332
341
346
337
333
342
347
338
337
343
343
332
336
357
345
326
332
343
342
331
337
345
342
341
341
338
334
330
339
344
335
333
350
348
331
330
338
340
332
336
344
344
337
339
343
341
330
332
341
337
334
345
347
335
332
343
343
332
333
342
344
344
338
336
338
335
340
340
336
331
342
348
337
333
338
344
340
336
347
358
334
323
334
341
333
336
342
341
336
345
348
335
328
335
343
336
331
339
346
340
336
344
339
328
328
342
341
336
340
350
343
328
327
341
339
333
340
346
338
329
337
343
332
332
343
351
337
322
340
343
332
336
347
339
330
334
350
346
331
332
345
343
340
335
335
335
335
343
344
332
335
345
345
334
332
341
338
331
336
345
352
342
333
334
333
331
341
346
337
335
342
343
337
336
343
341
333
336
345
346
343
336
334
339
334
337
341
338
334
344
358
332
325
339
346
339
336
347
342
328
335
348
342
337
334
339
346
336
332
340
339
330
339
346
344
332
334
339
332
332
342
344
335
346
346
332
325
335
342
338
336
338
344
335
328
339
344
334
328
339
351
338
323
340
342
332
334
342
342
341
340
349
338
326
330
343
338
335
341
347
336
330
339
346
338
335
343
342