331
342
341
328
331
344
339
333
332
343
339
329
334
342
338
333
333
342
338
333
338
339
331
329
340
342
335
335
344
341
334
336
344
342
332
332
338
336
333
340
344
337
330
336
343
336
334
340
337
336
337
345
340
329
332
343
338
329
336
346
336
329
333
343
339
334
337
339
336
328
335
339
333
332
340
341
334
333
341
342
336
335
341
342
335
335
343
341
333
341
343
336
337
340
339
334
338
346
343
334
339
345
341
334
336
345
340
337
341
344
335
332
341
347
340
336
339
342
334
334
346
345
334
332
340
344
336
337
342
341
337
338
343
341
337
334
339
337
338
342
342
334
337
342
342
335
332
340
340
334
334
342
342
336
337
342
337
337
343
343
336
333
339
343
336
334
338
345
335
330
332
338
340
340
344
337
334
338
343
342
335
338
344
338
334
341
345
337
331
340
342
334
336
340
340
329
334
343
337
333
335
338
336
333
342
346
336
332
339
342
334
332
336
343
338
342
342
339
328
331
337
341
331
333
345
341
332
340
345
336
331
338
340
330
335
343
345
335
333
339
342
333
333
339
338
327
334
343
338
331
336
338
332
327
331
335
332
325
336
336
328
328
334
331
326
326
333
333
326
330
337
334
326
328
332
334
326
334
337
331
327
335
339
331
328
333
334
331
334
339
334
330
330
336
335
328
332
335
332
328
335
339
330
326
336
339
328
330
338
334
322
331
339
333
323
326
336
335
323
333
338
331
328
335
336
328
328
336
339
332
326
339
339
333
330
334
332
329
331
334
332
328
336
340
331
328
334
335
331
327
336
338
329
334
339
337
330
327
334
336
328
334
337
333
330
335
338
336
330
334
339
333
326
335
340
336
332
337
336
330
338
340
338
330
333
336
340
328
336
342
336
331
337
335
333
333
340
343
338
333
340
339
332
334
338
336
334
337
340
341
330
334
338
336
332
339
342
337
336
344
345
334
334
345
341
333
334
343
339
327
332
340
340
333
336
339
336
327
330
338
336
334
338
339
335
335
338
340
333
339
345
336
316
327
349
350
339
322
370
339
358
314
302
322
341
358
351
387
281
285
318
387
336
308
299
294
314
343
325
311
321
337
321
306
318
318
320
318
325
321
316
313
326
331
337
324
341
355
358
326
347
335
311
303
343
337
308
288
298
324
318
340
341
338
360
329
305
316
339
355
339
318
328
344
344
338
337
341
339
340
341
350
340
329
338
344
340
338
344
346
344
340
342
342
342
348
349
351
346
336
348
350
347
349
349
349
342
349
349
347
344
350
347
360
342
347
349
343
345
356
355
346
350
354
345
339
346
354
348
341
344
352
359
349
347
349
346
344
349
353
348
346
352
349
347
347
353
350
346
348
351
351
347
352
355
348
339
345
354
349
346
351
347
342
342
351
349
344
344
353
347
347
352
356
347
344
346
351
348
340
349
352
342
343
349
348
343
341
350
346
337
344
353
353
345
344
349
346
342
345
347
355
347
349
346
340
340
349
349
342
339
354
350
339
341
349
345
340
341
347
340
337
344
349
343
343
346
347
341
339
344
351
341
339
347
346
340
341
348
347
336
337
350
351
340
340
345
338
332
345
351
342
334
342
344
340
336
341
345
340
339
345
344
336
338
342
341
335
340
344
342
335
340
344
338
330
342
348
338
342
346
344
336
337
345
339
334
341
345
340
335
337
346
342
337
338
343
339
334
342
344
338
334
342
344
342
340
344
342
339
339
346
342
336
337
344
341
334
342
347
340
335
339
341
335
334
343
340
334
336
342
336
331
338
350
341
330
334
343
338
334
336
333
331
340
347
344
333
334
341
339
332
338
341
341
333
336
341
338
333
333
343
339
335
338
341
336
329
342
346
338
332
338
340
334
331
343
341
333
335
343
341
332
332
340
339
332
336
342
334
331
338
338
330
333
342
342
332
333
342
334
328
333
343
337
331
333
340
336
330
339
343
335
330
337
340
334
330
336
342
333
330
342
341
332
332
341
338
333
337
338
333
333
337
339
340
332
336
340
337
328
338
342
339
336
341
340
332
329
341
340
328
336
346
336
328
336
344
337
330
336
340
335
334
338
339
334
337
341
338
334
334
342
339
332
336
340
338
332
334
340
336
332
340
343
333
329
341
342
334
331
340
339
331
333
345
343
330
331
340
340
334
335
340
337
335
338
339
334
331
342
343
333
332
342
337
332
334
345
338
330
334
345
340
333
337
344
340
336
339
338
334
334
340
342
336
337
343
343
336
334
340
339
336
340
343
337
332
340