340
340
336
337
344
339
330
335
343
340
332
336
339
338
333
337
339
336
335
335
337
335
335
339
339
336
336
343
336
328
334
345
340
331
335
340
337
334
336
339
337
334
337
340
338
334
337
338
334
336
342
339
334
337
342
340
338
339
341
336
333
338
341
336
332
339
340
336
336
341
342
337
334
339
336
334
337
338
334
332
337
342
335
333
339
342
336
333
339
341
335
333
342
344
334
335
340
339
333
336
342
339
332
336
339
334
331
336
341
336
333
336
339
334
334
339
341
330
329
339
340
336
334
338
336
331
335
342
338
332
335
338
334
336
342
340
331
333
342
338
331
335
342
338
333
339
341
334
329
334
340
334
331
339
342
334
332
340
344
340
334
336
337
333
338
342
338
333
335
342
341
336
338
343
338
334
338
343
337
336
341
341
334
334
339
339
334
336
343
338
332
337
343
339
335
343
343
337
332
338
344
338
336
342
341
336
337
342
341
338
334
340
339
333
338
344
340
333
339
345
336
332
341
343
336
332
338
341
337
336
340
342
335
333
342
340
333
338
343
337
335
336
339
336
332
339
344
336
332
339
344
333
331
340
343
333
335
341
339
333
338
347
337
330
337
344
337
333
339
345
338
331
339
341
335
334
341
338
331
337
343
340
334
339
345
341
330
334
341
338
332
337
342
337
335
342
343
336
334
341
346
339
330
337
339
336
338
341
338
332
337
343
338
332
339
343
333
330
341
344
334
331
339
340
332
334
341
340
335
339
340
336
332
338
342
338
336
337
338
336
338
338
339
335
336
342
342
335
336
344
341
333
336
345
339
331
336
343
338
333
340
344
338
333
341
343
337
334
338
341
337
336
339
337
331
335
345
345
334
335
341
340
334
340
346
336
334
338
343
336
334
341
343
334
334
344
340
331
334
344
340
332
336
342
338
335
338
339
334
330
344
344
333
329
341
342
335
336
345
340
334
338
343
339
334
339
346
339
332
336
341
338
337
342
341
333
335
343
343
335
337
345
341
332
338
341
339
334
337
342
335
332
338
341
336
332
339
340
335
332
340
339
334
336
339
336
331
336
341
335
330
337
340
333
331
337
342
337
333
340
340
333
330
339
342
330
331
340
339
332
335
341
339
333
336
342
336
338
378
401
376
372
466
653
603
376
386
593
648
634
474
231
273
525
480
381
234
135
162
329
356
364
397
335
290
294
425
343
285
333
365
282
261
316
316
307
304
310
314
313
307
331
306
275
293
312
309
301
305
311
310
296
302
310
305
302
318
332
308
299
315
310
317
317
322
326
315
341
319
296
306
324
317
310
337
318
316
326
327
333
326
334
341
333
326
327
336
340
344
332
328
337
330
328
342
335
321
324
340
341
326
325
334
334
332
329
343
335
322
326
336
334
332
334
338
327
328
330
331
327
332
334
334
333
331
332
330
325
331
337
332
325
328
335
329
326
333
336
335
336
333
324
321
327
336
336
329
335
350
332
321
324
333
333
328
332
337
334
333
329
334
330
330
337
334
328
330
339
340
330
327
332
330
327
333
339
337
332
332
337
330
326
331
334
330
330
337
338
333
332
336
340
330
327
334
335
330
335
347
339
331
332
333
332
333
336
338
335
334
343
335
330
334
340
337
330
336
348
341
326
330
340
332
330
337
342
336
331
337
342
335
332
337
338
333
336
344
340
334
328
336
336
333
336
345
337
333
339
341
336
331
336
342
336
334
344
344
337
342
338
336
333
338
345
346
336
334
340
340
335
340
347
339
336
346
347
329
328
339
342
336
338
347
342
333
332
339
339
335
338
344
342
338
341
341
333
332
340
344
340
339
338
337
334
335
342
340
334
337
345
348
331
329
340
337
333
338
343
344
336
337
338
334
334
341
344
338
337
344
345
337
339
344
339
334
333
342
344
337
338
344
342
337
342
341
335
335
344
350
345
333
332
337
336
338
345
341
334
339
345
346
331
335
339
337
333
337
342
340
333
338
338
335
337
343
342
335
338
346
343
336
334
338
337
333
341
343
336
332
337
340
336
335
342
343
337
337
343
341
333
333
341
341
335
340
343
336
332
340
345
340
334
340
343
338
333
340
347
337
330
338
338
334
337
343
342
340
342
340
332
331
339
346
340
339
336
340
334
336
342
343
337
340
350
340
333
332
344
342
340
338
344
338
334
341
348
339
334
346
347
333
330
338
342
336
338
349
340
330
335
346
342
336
339
343
341
333
336
344
340
336
346
352
337
331
340
342
336
336
343
350
336
332
342
343
335
339
347
348