344
341
335
339
343
338
340
339
340
340
338
340
344
339
341
342
338
336
339
338
336
338
341
340
339
337
333
339
343
341
337
343
338
333
336
342
342
335
338
345
338
334
344
343
336
334
341
342
333
336
341
344
338
335
338
337
337
336
345
339
330
332
337
339
338
338
334
332
338
344
335
330
333
335
334
335
336
335
330
331
335
334
331
330
336
330
327
333
334
336
334
330
329
335
333
331
334
335
337
340
332
327
333
334
337
340
336
334
333
335
331
336
344
335
328
331
336
335
336
337
333
332
333
336
339
339
338
334
337
336
339
337
332
336
337
338
336
338
342
341
338
337
337
338
338
338
337
336
338
342
340
334
335
340
343
342
338
337
335
333
337
341
345
338
337
340
343
339
339
338
338
337
342
342
336
336
340
340
338
337
340
345
339
333
339
342
339
340
341
339
341
335
336
339
336
337
341
338
330
334
341
335
334
340
340
334
331
336
341
341
337
337
336
331
334
340
340
339
338
346
337
336
338
341
340
334
336
343
340
340
342
344
340
342
343
344
339
339
340
341
339
342
345
348
345
340
343
344
344
345
344
345
343
344
342
340
343
346
343
340
348
345
338
332
340
343
339
339
340
339
342
343
339
341
338
334
335
340
338
343
338
338
333
336
341
341
336
338
338
342
334
334
336
338
341
338
337
338
338
337
339
335
338
340
339
336
338
339
342
336
338
340
341
340
339
338
344
344
332
332
336
339
342
343
344
335
334
338
335
337
337
335
335
336
342
336
331
333
337
336
338
336
335
334
336
339
337
333
334
344
337
332
336
335
333
333
337
340
342
339
343
337
332
335
338
340
336
336
344
334
332
334
338
339
338
338
342
336
334
334
335
339
335
336
343
339
337
333
335
334
337
342
340
332
337
343
341
334
339
354
353
340
344
387
441
402
353
337
463
536
328
188
276
386
451
384
289
264
288
329
328
401
348
284
287
302
344
344
313
326
337
334
323
330
330
326
335
337
334
319
314
326
341
349
318
314
323
327
328
332
325
325
328
335
328
326
325
325
329
331
330
329
332
334
320
330
331
333
334
329
336
340
332
328
328
333
341
336
334
343
343
338
333
334
342
339
343
340
336
338
341
345
338
336
340
344
340
337
342
343
342
338
338
344
337
338
341
341
340
334
338
338
341
339
341
341
340
342
344
337
336
342
341
332
334
342
342
339
336
342
341
336
338
342
340
336
340
348
340
336
339
340
332
336
341
339
338
342
338
333
334
338
339
338
337
338
352
340
328
328
337
342
338
338
347
341
336
336
340
338
337
344
339
332
338
339
338
339
342
340
335
332
336
341
344
336
336
339
339
343
343
339
334
347
344
337
335
337
341
342
337
337
340
343
336
336
339
341
339
337
343
342
336
338
337
332
335
340
338
338
340
341
337
339
342
338
336
333
331
335
337
336
336
340
341
341
337
340
334
331
336
337
336
340
340
341
336
340
338
340
342
336
336
335
336
340
338
336
337
339
344
339
334
338
346
336
335
337
336
334
336
338
340
340
334
336
338
340
340
342
331
332
337
338
336
339
342
340
333
332
337
340
339
340
339
335
336
336
338
338
337
338
345
340
335
333
336
336
338
339
339
342
336
336
333
335
334
336
340
343
339
339
338
338
338
338
337
338
339
341
337
334
335
339
334
333
338
340
341
338
337
334
333
338
337
335
336
342
338
332
332
334
340
337
336
340
337
335
336
338
338
332
334
336
339
336
336
341
343
330
331
339
338
333
335
338
339
342
336
332
333
334
337
338
336
336
338
341
338
330
329
331
333
336
338
340
330
331
336
336
333
332
334
334
334
330
332
332
334
334
332
334
335
340
342
333
334
334
332
332
337
341
338
330
333
335
332
333
336
337
336
339
339
337
333
332
336
337
337
341
349
340
332
330
335
337
336
338
339
341
343
342
332
333
333
338
339
339
340
343
342
336
338
336
335
336
340
342
341
345
335
336
338
336
338
338
337
336
341
350
337
332
334
338
338
338
340
342
342
340
340
337
333
336
339
340
342
340
340
340
338
340
338
339
341
338
338
341
338
339
337
337
340
342
341
344
348
335
330
334
340
340
340
342
343
342
338
337
338
338
336
339
338
340
341
338
341
335
335
339
340
339
346
344
335
335
337
340
338
338
340
346
336
336
335
342
338
335
338
340
337
340
340
337
337
336
339
341
342
340
338
334
336
338
341
342
338
337
341
338
334
337
340
341
345
340
334
333
337
346
343
338
337
342
342
336
336
340
339