337
341
343
336
335
340
338
334
334
340
338
335
338
342
338
336
340
335
330
333
344
339
335
337
341
341
340
337
336
338
341
334
334
337
336
337
338
341
338
338
338
342
334
335
337
333
336
343
338
341
337
338
338
338
336
339
338
338
341
338
338
331
335
338
338
335
339
339
335
337
344
344
338
336
336
332
337
338
339
337
336
340
342
341
340
338
337
338
340
336
338
338
334
338
339
338
337
339
337
335
338
340
343
337
334
334
335
336
338
338
340
340
337
337
333
334
338
339
343
336
337
343
338
334
340
340
335
335
338
338
336
339
341
338
338
344
348
333
333
337
338
340
336
339
340
337
338
340
341
340
336
332
335
331
332
334
336
336
336
337
336
338
342
338
335
328
328
335
335
334
336
334
332
336
338
336
330
333
337
336
332
334
337
334
337
338
336
334
336
336
337
333
333
342
338
335
340
340
330
330
335
336
333
330
339
343
333
328
333
338
334
332
336
338
334
336
335
334
332
337
343
339
335
334
338
335
332
332
333
330
332
338
341
336
337
336
333
333
335
339
338
335
333
335
333
330
335
342
338
328
330
336
336
334
334
336
335
336
338
340
331
333
339
337
334
338
339
333
334
338
340
336
335
338
338
333
340
340
330
330
332
340
342
333
331
338
338
335
338
343
338
331
332
337
334
332
337
335
332
339
336
335
336
337
335
336
338
334
340
338
332
330
336
337
337
340
342
338
330
336
338
340
332
336
335
332
333
334
334
333
335
342
339
334
335
336
334
336
339
334
332
334
337
336
336
341
338
333
331
338
339
334
336
335
336
337
336
334
336
342
336
330
338
338
331
335
339
341
340
333
336
335
339
344
336
333
340
338
335
338
337
336
336
337
337
344
336
333
333
338
339
336
340
337
336
338
335
331
333
337
343
338
332
333
339
338
334
336
340
336
335
335
337
336
336
342
341
338
337
336
335
334
338
337
336
336
337
333
334
337
341
339
335
335
340
336
332
335
339
341
337
333
336
338
342
336
339
335
336
334
337
340
336
340
336
338
339
338
341
337
333
335
338
341
335
338
341
337
335
338
338
334
349
366
361
334
360
485
565
462
349
348
413
464
486
366
236
411
418
261
276
359
393
321
258
316
354
333
330
337
365
351
354
314
304
320
369
319
298
322
347
346
346
355
297
297
314
324
330
327
326
344
333
312
307
320
324
326
322
322
328
330
330
314
319
320
325
320
322
326
327
328
325
324
326
335
320
316
320
326
331
328
322
323
330
339
335
337
324
318
327
338
337
322
322
331
330
339
335
329
337
328
327
334
331
330
332
338
339
332
329
334
329
329
332
329
329
336
335
330
333
333
337
334
331
334
330
337
331
336
340
332
331
335
336
335
337
342
334
327
334
336
336
333
332
333
337
338
340
337
335
331
338
335
329
334
339
332
339
335
333
334
333
340
342
330
331
335
337
335
335
339
346
336
334
334
338
334
328
337
337
339
338
333
332
331
336
336
338
339
333
328
330
333
342
337
332
329
336
336
334
334
344
340
322
324
333
340
337
335
340
334
333
339
332
333
331
334
338
340
332
334
339
337
336
338
341
337
330
336
340
332
331
340
341
350
337
333
335
334
339
340
339
331
331
339
342
338
338
340
343
329
333
342
334
328
337
342
335
336
343
336
330
340
342
336
330
333
343
341
334
340
343
338
334
343
337
330
333
343
340
331
333
342
342
338
335
338
336
336
344
338
334
338
337
339
338
333
337
340
336
341
336
336
334
335
343
343
336
332
337
337
336
335
336
338
337
340
338
331
334
341
339
340
336
337
348
337
334
339
341
341
342
333
330
335
336
338
340
344
339
334
334
338
340
338
332
334
338
346
338
341
337
334
331
337
338
338
336
337
338
344
342
339
329
328
335
345
337
332
333
339
336
333
331
336
345
331
331
340
335
333
339
343
341
329
337
338
333
336
336
336
338
336
339
340
332
331
337
337
336
332
336
336
339
338
332
335
332
336
340
337
335
339
343
340
330
335
337
341
334
332
336
338
339
344
343
329
330
333
336
336
336
339
339
334
335
342
340
333
335
340
336
334
338
345
332
324
338
346
334
334
339
339
340
339
338
335
335
338
342
339
341
335
334
335
340
340
336
334
334
340
343
334
335
340
339
333
334
345
336
331
334
342
338
341
335
338
338
331
337
342
334
338
338
340
335
339
346
340
329
336
340
337
333
332
338
336
334
344
340
334
331
339
339
339
344
342
336
330
334
338
340
336
333
338
338
336
341