342
331
331
338
342
332
335
337
336
336
337
339
336
338
338
337
332
336
335
336
332
330
336
333
330
333
339
336
332
333
340
332
327
337
340
333
329
338
338
331
333
339
340
332
330
338
339
334
333
336
336
331
330
336
334
331
336
338
333
335
336
336
333
335
340
337
325
330
337
338
331
329
335
336
333
337
338
333
328
338
342
329
324
336
339
332
336
342
336
330
332
340
337
331
338
340
338
333
340
341
333
330
336
340
337
336
338
339
334
340
345
339
330
334
345
341
334
337
344
340
332
336
343
339
334
338
346
339
334
348
348
336
332
344
344
336
338
343
342
338
338
346
341
336
339
345
337
332
343
348
338
332
340
344
338
341
340
338
336
336
343
340
335
337
341
336
334
340
350
339
334
342
342
334
335
342
344
338
333
340
345
341
336
337
336
336
338
342
340
339
336
341
337
334
344
349
340
334
344
345
334
338
344
342
335
340
349
340
329
338
344
344
335
338
343
339
341
344
336
336
334
338
339
337
337
338
339
335
339
341
346
337
333
337
334
334
342
347
339
329
336
341
337
337
341
348
340
336
340
339
334
338
344
337
332
338
344
342
336
336
343
338
337
342
344
334
336
343
341
334
338
344
344
335
334
343
343
335
338
347
346
330
334
344
342
336
343
348
336
333
340
342
337
336
346
342
331
332
341
341
338
340
341
338
334
341
343
340
337
341
343
337
332
342
339
329
332
339
338
339
338
336
336
332
337
346
338
330
338
343
336
334
340
340
339
336
340
342
339
335
338
339
336
340
345
345
333
336
340
337
334
341
345
344
342
338
337
333
333
341
345
342
337
346
344
338
338
338
335
331
337
344
342
337
338
342
337
337
339
343
336
335
343
342
335
331
338
341
335
339
344
338
331
340
346
338
335
337
344
343
333
333
337
334
337
343
343
336
333
342
345
333
332
342
348
333
331
340
338
338
340
339
334
335
340
341
338
338
339
338
341
336
332
334
333
336
341
342
333
334
338
336
334
341
343
336
337
336
337
333
331
339
341
333
334
340
343
334
333
343
338
333
336
338
334
330
337
339
331
330
338
343
341
330
332
337
334
332
340
338
338
334
336
335
335
335
336
332
335
339
340
332
331
336
338
332
332
340
340
332
334
341
338
334
332
333
331
331
335
338
336
333
334
339
331
326
335
342
330
329
341
336
330
333
337
336
337
337
333
329
328
336
342
334
320
328
340
324
320
316
328
321
320
338
325
315
318
323
325
327
321
318
335
323
313
337
326
315
304
313
330
325
329
316
297
322
334
332
320
308
315
330
332
329
327
318
324
341
348
322
313
329
340
330
331
346
343
320
322
342
339
350
348
333
331
341
351
361
365
360
348
373
353
309
349
354
312
324
352
372
381
334
324
339
354
363
359
346
358
353
358
353
339
358
348
342
344
352
355
358
341
350
350
343
339
352
363
345
343
346
346
342
346
354
351
345
346
353
361
347
331
338
342
343
350
350
348
349
358
342
326
336
350
348
341
344
350
343
340
354
350
339
334
341
346
341
347
344
339
338
334
343
343
342
341
346
353
342
332
335
338
334
340
344
339
337
344
349
334
330
335
338
335
338
345
341
341
345
341
332
330
337
339
335
336
342
344
346
335
335
333
331
333
341
343
340
333
343
337
327
330
339
336
333
336
345
336
335
347
331
322
326
340
340
331
331
338
343
336
333
335
332
332
332
339
337
333
339
345
340
327
330
338
335
332
340
344
335
332
333
331
331
333
342
339
336
338
349
336
333
334
335
331
332
343
344
331
330
340
345
335
332
339
342
340
348
340
328
325
336
345
339
333
344
348
332
325
335
343
334
332
340
343
340
343
345
331
321
331
344
340
332
334
343
341
337
339
338
333
331
339
344
344
338
340
334
329
333
339
340
333
336
345
343
324
330
339
339
330
334
342
340
338
338
336
329
331
342
342
332
336
338
340
334
331
338
336
332
336
344
342
336
338
337
332
331
336
340
334
333
341
340
338
341
339
341
327
329
340
342
336
340
344
334
331
335
339
338
335
341
345
336
343
343
339
324
328
343
341
334
336
346
337
331
339
342
337
336
346
338
327
328
336
341
335
337
339
339
333
334
347
339
330
338
346
337
329
335
342
340
336
342
348
333
327
338
343
341
337
342
347
342
332
337
341
340
339
344
344
344
341
337
334
333
340
344
341
336
337
339
336
337
341
340
334
335
346
353
331
329
337
337
333
338
344
348
338
332
335
335
337
340
343
337
335
354
345
327
329