364
376
325
340
347
372
365
340
330
370
326
280
331
412
324
283
327
362
321
320
342
332
280
288
340
355
305
291
330
345
340
303
314
333
323
323
332
320
320
314
323
324
320
323
326
320
320
334
340
318
314
334
335
322
323
331
325
320
323
332
327
317
319
326
324
313
314
327
328
312
327
336
313
311
316
326
314
312
326
330
313
313
327
326
322
324
334
321
311
315
332
327
315
321
337
321
316
320
336
324
316
322
332
322
320
330
331
318
323
334
327
317
324
341
334
320
329
346
336
328
345
358
351
344
352
356
353
350
364
364
352
349
366
365
362
363
375
370
364
363
372
356
347
350
355
337
328
332
333
314
313
332
340
313
310
328
327
314
318
337
343
334
332
347
345
341
351
366
367
357
365
366
357
349
360
361
347
348
358
347
328
324
331
335
329
329
344
345
328
336
352
350
338
344
352
344
339
349
350
346
336
343
345
335
332
342
345
336
334
344
344
335
338
350
343
332
338
352
342
335
340
346
340
333
341
346
337
331
347
348
337
333
344
345
335
336
348
346
339
336
349
346
334
338
350
346
341
340
349
342
338
347
350
338
336
348
351
340
334
347
357
344
339
348
346
339
344
352
346
337
343
355
346
338
347
354
344
336
355
358
339
336
350
353
342
344
355
347
337
339
352
351
341
345
354
347
340
346
357
347
337
348
354
340
340
354
354
340
342
354
349
333
339
351
350
338
339
348
346
333
339
351
343
334
340
349
341
333
342
347
338
335
341
344
338
336
344
343
335
336
345
346
333
334
342
336
332
342
342
334
329
339
348
334
328
339
341
328
333
342
336
327
335
345
336
319
329
344
334
324
330
337
331
325
336
340
327
321
333
339
330
327
336
336
323
326
336
335
325
326
338
332
323
328
336
333
321
326
334
329
320
334
334
323
322
334
334
322
321
332
335
321
320
332
331
319
322
336
325
320
329
335
329
322
328
336
324
320
330
335
322
318
331
333
321
322
336
334
321
323
333
330
320
326
334
328
320
328
335
328
317
326
332
322
323
334
335
324
320
334
337
323
319
333
330
319
322
334
323
319
327
337
330
322
328
334
328
320
329
334
327
322
334
339
323
318
331
333
322
323
335
332
322
323
337
333
325
331
338
330
322
330
338
327
320
332
339
330
323
336
336
323
322
337
336
321
324
336
331
324
328
337
330
326
335
337
326
322
337
340
330
323
334
337
323
327
339
337
326
329
340
337
323
335
340
332
325
332
341
335
327
336
342
332
327
340
346
328
328
344
342
328
332
345
341
328
333
347
342
332
337
343
336
330
334
341
334
330
341
343
332
328
342
346
334
332
343
340
327
333
347
343
329
331
346
340
332
338
345
336
326
335
343
336
331
338
341
334
331
341
343
328
331
345
342
326
328
342
345
334
332
342
336
331
336
342
336
328
339
342
334
330
340
344
334
340
345
339
329
333
344
342
332
333
343
341
331
338
347
338
330
346
348
335
329
339
344
338
334
344
345
332
334
348
344
332
340
350
340
328
338
347
338
334
340
348
338
330
343
349
339
330
341
348
338
336
346
344
332
338
349
344
334
336
350
342
335
341
350
343
332
342
350
340
333
345
348
340
338
345
351
337
337
351
347
333
337
350
349
336
340
350
346
337
343
349
345
335
343
349
341
336
344
347
336
338
350
348
335
339
349
345
334
340
351
344
334
341
351
346
338
343
349
344
338
346
352
339
334
346
348
336
337
352
353
336
339
354
348
335
340
351
347
336
342
350
343
332
339
349
339
335
350
348
334
331
346
346
334
335
348
345
329
332
346
344
331
339
346
338
335
341
346
338
330
343
348
337
330
342
346
335
332
344
340
337
336
345
343
333
335
341
341
330
338
344
344
334
334
344
336
334
344
344
330
330
343
345
331
333
346
344
337
338
347
345
335
337
346
342
336
344
348
340
332
346
350
340
335
346
347
332
334
348
350
335
337
350
345
334
338
347
344
334
334
346
342
335
339
346
340
339
344
344
335
337
346
342
329
333
346
344
332
333
344
344
330
336
347
339
330
336
341
333
330
339
343
335
333
342
345
330
328
339
340
327
331
343
337
324
331
349
343
326
330
337
335
329
335
345
334
324
336
343
332
329
343
344
326
328
343
342
330
334
343
336
325
332
342
337
328
335
345
334
328
338
344
331
325
336
342
331
328
346
342
326
329
344
339
328
329
343
337
328
334
341
339
332
336
341
336
327
336
340
330
327
340
344
330
329
346
343
333
335
340
337
329
329
342