335
336
341
341
334
330
339
340
336
341
343
336
333
336
340
339
336
339
343
334
336
338
340
332
333
345
345
335
334
341
340
333
334
336
332
330
336
344
336
332
339
341
338
333
333
334
332
335
338
337
332
332
340
340
334
334
341
332
327
337
350
334
328
338
340
332
332
342
349
335
327
338
343
338
334
340
337
330
334
345
338
331
333
341
342
329
329
337
334
330
335
338
333
332
347
348
328
323
332
336
331
328
337
338
326
336
348
334
323
332
339
336
335
337
337
330
330
339
340
331
332
343
351
326
326
334
334
330
335
347
341
329
329
337
330
328
339
337
330
330
338
341
330
331
340
346
333
330
335
337
335
333
337
337
333
331
336
334
329
336
343
341
327
330
332
330
337
337
333
330
335
341
337
328
338
344
337
329
332
344
332
326
336
339
337
331
335
339
332
331
337
336
330
335
339
336
330
332
343
341
334
338
340
330
330
336
341
338
338
339
342
337
333
337
340
336
339
346
338
331
338
343
337
333
341
345
340
334
342
343
338
337
341
342
334
342
350
337
329
330
344
343
334
341
346
337
332
337
344
347
335
341
343
332
331
344
346
335
335
342
342
339
336
347
341
337
340
348
341
333
336
344
342
341
342
341
335
334
344
348
339
336
347
344
334
340
346
340
334
340
344
340
336
341
342
337
337
340
342
338
337
343
344
337
333
345
346
336
342
350
341
331
335
346
344
336
338
345
344
334
338
344
335
334
343
345
338
338
344
342
335
337
346
348
339
338
342
339
337
343
345
338
336
343
344
341
337
343
342
338
332
338
339
336
337
346
344
338
342
343
339
335
340
351
341
333
336
341
338
338
341
340
337
334
341
340
334
336
345
347
335
334
343
342
334
339
348
340
328
336
344
338
335
340
340
333
333
342
340
333
334
340
343
334
334
340
338
338
336
339
336
334
341
345
336
332
336
340
337
334
341
347
334
330
340
340
335
334
340
335
332
338
343
336
330
339
345
334
331
336
340
330
327
337
340
335
331
340
342
334
338
341
337
332
337
341
336
330
335
342
336
332
340
346
336
334
341
340
335
335
339
339
332
333
341
338
332
343
346
336
332
336
347
340
330
339
343
336
333
340
342
338
337
339
339
331
335
341
341
334
335
339
337
337
342
340
337
334
338
339
336
336
356
372
361
382
396
376
396
368
366
344
322
370
407
370
324
312
348
360
331
336
342
349
363
329
323
351
372
347
345
336
335
337
342
343
346
348
335
330
338
352
346
338
339
352
334
340
341
334
332
346
345
337
329
332
337
341
342
336
333
331
334
328
328
332
335
335
335
343
336
333
330
334
329
332
330
328
336
347
334
321
332
344
336
327
334
340
329
326
331
334
332
329
334
338
332
329
336
340
327
330
338
325
322
332
336
332
333
339
340
326
322
333
343
328
323
333
339
329
334
338
331
324
329
340
340
333
331
333
330
329
334
337
333
334
330
329
325
327
335
341
339
327
329
329
328
332
336
332
337
328
332
330
330
334
336
330
328
339
356
327
317
325
333
329
328
337
337
328
332
340
336
328
329
337
330
329
336
341
332
335
340
332
323
327
336
337
332
339
342
328
324
332
342
340
339
332
336
334
331
336
340
337
335
337
345
337
329
339
340
334
339
343
343
330
334
342
339
329
333
341
340
331
336
341
334
330
336
344
336
331
333
339
340
331
334
333
330
334
343
337
336
336
331
335
331
336
344
338
336
340
341
331
328
337
342
338
333
337
339
332
332
342
340
332
337
344
336
330
334
344
345
329
331
338
334
335
346
340
330
333
340
340
335
336
341
336
337
341
338
336
336
340
339
336
334
342
340
334
335
346
342
335
339
346
342
333
335
341
345
340
334
338
337
337
340
342
337
336
341
345
333
330
343
342
334
337
342
343
346
334
334
336
334
341
350
339
331
335
344
340
335
345
345
339
335
338
344
338
332
340
341
340
350
350
326
322
334
344
340
334
341
347
350
329
333
340
338
337
343
344
340
345
345
337
329
333
343
342
335
339
347
346
332
333
333
333
331
337
342
338
338
342
340
331
330
335
338
334
335
346
346
336
326
338
335
330
336
341
338
335
346
352
331
324
335
341
336
336
342
342
334
337
345
342
334
338
350
343
338
336
339
334
332
341
346
338
336
348
347
332
331
341
344
338
338
345
345
344
342
340
334
333
340
346
341
336
345
352
338
332
336
343
337
333
341
343
337
340
353
340
325
334
340
336
333
340
345
338
339
343
336
331
331
338
341
336
338