335
337
333
332
343
341
328
331
346
348
333
329
335
334
333
340
344
336
325
340
346
336
333
340
341
336
333
340
342
332
333
342
341
337
346
343
332
327
337
342
338
332
339
343
337
332
339
344
336
336
343
344
334
338
342
344
334
335
344
342
338
339
344
340
336
346
346
336
333
342
346
340
338
344
345
334
338
347
346
338
334
343
341
332
339
346
338
333
340
346
340
336
340
340
334
337
348
344
335
331
339
340
332
339
349
338
328
338
344
336
333
341
346
339
338
344
339
331
330
342
344
332
333
342
341
338
339
342
334
330
341
345
331
328
337
344
334
333
344
344
334
332
340
339
330
333
344
339
330
332
338
334
330
338
344
335
331
339
341
332
333
343
342
336
335
340
348
337
331
338
341
341
335
340
336
334
345
344
333
332
343
345
335
333
342
344
337
330
339
343
337
336
345
339
332
342
345
336
327
340
347
340
332
338
343
338
334
342
343
332
331
340
340
332
338
346
343
333
333
343
339
337
338
343
332
328
339
347
341
331
340
338
330
333
340
342
336
335
342
336
329
335
348
340
331
336
344
338
333
336
342
336
332
338
342
335
335
342
340
332
337
347
340
328
332
349
344
330
334
344
339
335
340
343
332
329
342
348
333
327
342
346
332
336
351
338
328
335
343
337
330
337
346
337
331
338
346
336
329
339
343
343
331
337
341
339
335
341
343
337
334
339
339
331
336
346
337
328
336
349
337
329
345
346
331
331
337
339
337
334
341
339
334
338
344
339
334
342
348
336
333
337
341
335
330
341
346
335
336
348
343
332
333
348
342
328
337
355
350
323
333
355
354
327
330
370
378
337
319
344
398
416
374
356
377
402
406
392
332
333
431
398
230
289
328
375
396
336
286
288
285
350
359
331
338
324
345
321
338
352
322
304
326
341
340
332
332
337
331
322
328
341
340
324
327
337
338
338
335
334
315
316
348
343
314
315
333
330
320
340
343
319
315
329
341
339
326
327
334
326
325
342
338
327
321
332
337
332
326
336
332
330
325
334
339
326
328
335
331
332
336
339
330
322
335
336
327
328
341
343
323
326
341
336
317
325
341
338
324
328
335
336
330
336
335
322
326
342
352
326
320
333
339
330
327
344
335
321
330
344
336
326
335
346
332
321
329
342
341
328
331
336
327
331
348
345
322
325
341
337
327
334
350
344
319
325
341
340
327
333
340
333
336
342
346
323
321
340
343
332
334
354
340
321
325
339
338
330
337
345
343
334
340
344
330
325
339
345
335
337
340
346
330
324
338
340
333
340
346
342
327
333
344
336
331
339
345
336
330
342
360
340
319
328
338
331
334
346
348
334
330
343
340
328
336
345
337
331
345
344
332
327
339
344
332
329
343
356
333
324
336
337
330
336
349
347
338
345
343
325
323
340
348
337
332
343
358
341
326
338
340
329
331
342
344
338
337
348
342
328
334
346
341
334
348
357
332
320
338
345
334
333
345
356
344
328
334
338
333
338
348
344
336
344
349
338
337
346
344
332
333
350
349
334
329
344
347
337
338
355
350
338
338
345
339
332
340
351
344
333
341
348
337
333
342
345
337
334
342
342
336
340
347
345
335
330
339
339
334
338
346
338
332
345
345
333
329
342
347
333
328
339
345
334
333
347
347
331
330
339
337
329
335
347
339
334
336
342
336
328
345
353
326
320
337
343
335
331
342
343
330
331
343
337
328
335
345
336
334
336
339
333
334
341
343
333
330
342
339
330
334
346
344
332
331
340
338
329
339
350
338
330
332
343
337
330
338
342
343
333
333
337
328
334
343
343
336
331
331
332
326
338
342
329
322
336
350
337
325
333
341
336
330
340
344
336
340
340
331
324
331
344
340
330
334
346
336
330
339
342
336
327
339
340
336
328
339
342
331
327
338
338
332
334
344
336
328
338
344
339
323
331
339
335
328
334
339
334
329
341
342
335
328
336
342
329
329
344
336
324
330
341
335
329
340
344
333
321
331
339
334
329
335
337
330
327
339
340
334
336
339
337
332
328
334
329
325
336
342
336
328
339
341
329
322
331
338
333
331
342
336
327
328
339
341
334
335
342
338
336
337
338
334
325
337
343
335
336
343
339
329
332
342
341
333
336
353
348
322
331
340
338
334
336
343
338
330
346
343
336
330
341
344
338
343
356
340
328
328
344
342
332
340
349
344
336
336
340
336
337
342
347
335
331
340
345
335
334
343
344
328
331
346
347
332
336
346
341
336
336
346
335
327
340
346
329
324
337
342