344
341
333
338
343
336
328
339
348
335
324
335
345
339
331
342
346
335
334
343
340
329
333
347
352
333
333
344
338
327
335
346
338
330
338
346
337
330
337
343
333
331
343
346
337
332
343
343
331
335
342
337
328
336
345
337
333
340
345
337
330
341
343
334
332
342
344
334
332
342
342
331
336
347
340
328
334
346
338
328
339
348
346
333
334
338
334
335
344
337
326
332
346
342
330
334
343
342
334
336
345
338
331
336
340
331
330
342
343
332
333
345
342
330
336
347
341
331
334
340
338
329
335
344
340
332
339
347
334
331
343
347
336
335
346
341
331
333
340
338
329
335
347
343
328
336
345
337
328
337
346
334
327
338
343
335
335
341
337
328
338
347
341
326
332
342
338
332
342
342
336
332
346
347
332
327
340
345
332
330
341
345
334
336
344
337
330
336
347
338
325
334
349
336
334
354
366
352
336
339
382
414
378
352
337
334
444
368
273
295
392
400
364
319
367
394
398
374
355
326
368
392
417
301
311
372
384
355
332
334
383
363
342
344
330
342
351
369
356
336
339
351
336
336
348
362
336
325
343
341
340
343
339
340
330
326
338
350
339
323
325
344
340
328
338
338
328
327
339
336
324
331
335
333
329
328
345
343
326
324
344
332
324
332
344
339
322
325
337
330
332
339
333
325
329
332
332
322
328
340
330
317
323
337
328
321
330
338
318
312
330
336
321
321
334
336
316
316
331
332
329
326
329
324
319
323
334
328
320
330
339
327
316
325
333
322
321
328
336
328
317
323
329
321
328
334
325
318
328
343
334
319
324
335
330
320
328
336
330
330
344
332
317
323
337
335
329
334
337
336
322
328
344
340
327
333
334
326
324
335
342
341
329
332
332
324
326
340
339
328
346
351
331
316
327
343
337
328
336
344
345
334
330
330
329
329
337
340
332
337
353
342
323
327
340
339
331
336
348
340
332
338
340
330
329
339
343
333
334
351
348
337
323
336
338
332
335
344
340
332
338
351
337
330
337
344
336
337
351
342
334
331
346
346
338
340
356
359
339
329
338
337
332
337
346
340
332
344
344
329
325
340
347
336
333
349
345
327
328
341
339
330
336
345
342
330
338
346
336
324
334
348
342
333
348
349
331
326
341
342
334
334
358
343
328
330
346
338
324
329
339
337
317
320
334
319
307
315
322
312
312
334
326
306
303
324
335
326
323
333
339
331
335
340
335
331
347
358
352
345
362
354
336
336
345
349
338
342
354
353
349
347
349
348
334
341
353
344
334
346
354
348
347
348
343
334
335
350
351
340
341
360
356
331
335
358
352
338
342
354
347
343
351
341
329
334
339
341
331
345
346
348
332
342
334
342
330
336
348
360
348
350
355
345
336
343
350
339
333
346
356
346
341
346
347
340
333
346
345
338
340
351
339
330
337
348
340
333
341
349
344
338
340
342
340
332
345
345
336
332
346
349
342
331
346
344
336
341
348
339
329
338
349
347
342
348
347
337
334
342
337
334
338
342
336
333
337
342
336
332
334
338
330
326
334
340
334
331
341
341
328
328
336
338
332
337
343
333
324
331
346
342
330
341
347
332
324
338
346
338
335
351
351
327
323
340
343
332
334
344
340
331
343
348
336
325
334
345
336
331
340
347
333
327
341
339
328
330
346
354
334
326
338
334
326
333
341
336
332
336
338
331
329
338
343
335
339
345
339
323
324
339
340
329
330
343
346
335
327
335
336
328
337
349
340
328
334
340
331
329
342
345
335
341
347
341
329
336
347
342
332
342
345
336
326
330
342
338
333
341
353
337
329
344
342
332
336
350
348
333
330
340
341
333
338
350
341
331
337
347
340
334
341
344
338
332
342
342
337
340
345
344
332
330
350
344
330
335
351
342
331
340
347
338
330
340
344
335
338
344
344
334
336
343
344
335
335
342
343
339
337
341
340
333
339
345
339
335
342
347
340
335
345
339
327
333
350
352
340
333
341
337
326
342
357
343
328
333
340
328
326
347
354
339
323
331
336
326
333
351
352
332
326
333
328
336
348
357
340
322
329
339
338
336
345
342
324
326
336
344
338
338
335
335
323
329
350
350
337
331
337
343
336
340
345
329
327
336
353
345
334
336
339
334
343
349
344
333
335
340
340
332
337
345
343
341
341
340
335
332
347
351
332
328
348
347
331
332
342
341
330
332
343
340
333
333
340
336
332
342
352
337
326
339
346
338
331
340
345
333
333
344
343
338
336
349
346
326
331
345
343
336
337
341
333
329
339
343
333