335
338
329
322
336
337
325
324
335
338
324
330
342
332
328
331
343
333
329
338
339
329
324
338
344
325
322
335
338
330
328
342
335
320
329
341
336
327
331
340
330
325
331
340
335
325
333
338
334
328
336
341
335
330
338
336
326
335
340
339
328
333
345
337
336
337
338
336
333
336
341
333
329
347
346
329
332
343
340
337
337
340
335
332
336
350
336
329
339
343
336
336
338
343
336
330
341
343
330
334
346
342
330
332
343
342
328
331
341
342
336
340
342
334
330
340
343
336
334
345
345
334
333
343
342
336
336
342
338
329
337
347
342
333
338
350
347
344
354
357
348
346
353
352
342
346
358
358
340
341
354
354
341
345
354
349
340
347
357
346
336
347
349
340
339
350
352
336
340
354
345
332
335
348
349
336
339
353
344
332
336
348
343
331
339
348
337
335
344
343
334
337
346
344
328
326
338
337
326
329
337
336
325
328
335
331
334
338
332
324
324
334
336
332
328
334
337
330
330
339
337
326
329
345
335
324
330
341
335
328
336
340
332
329
340
340
332
332
340
340
327
330
341
340
332
331
341
340
328
334
347
338
331
337
346
339
329
336
342
332
332
340
342
329
334
349
344
332
338
345
339
333
336
346
336
328
337
346
341
335
341
344
339
336
345
348
336
332
341
340
332
340
343
335
331
343
347
335
331
342
345
335
330
341
348
340
331
342
342
332
335
348
341
328
333
345
343
334
341
346
338
329
337
343
338
333
343
345
337
339
348
346
337
338
356
347
334
338
350
346
334
340
350
343
332
343
352
345
340
349
349
339
337
345
346
340
338
342
343
337
341
348
343
337
351
356
343
334
344
352
345
339
348
354
344
339
347
345
336
339
346
340
333
339
340
336
333
357
356
337
329
345
353
346
343
350
348
343
340
354
349
337
336
354
347
337
333
343
339
333
344
349
338
330
346
350
341
328
345
345
332
327
343
343
334
333
344
350
332
328
343
342
335
338
345
338
330
342
351
339
335
342
347
339
334
339
340
331
332
343
343
336
336
346
340
334
340
352
340
328
332
344
337
327
332
340
330
334
340
336
327
327
340
339
328
330
343
336
318
328
342
337
331
336
342
332
327
336
339
334
332
346
334
324
334
338
336
328
339
344
337
327
332
344
338
327
335
346
342
330
341
345
341
331
344
344
343
344
346
340
333
341
355
353
348
355
359
347
339
348
355
353
344
352
341
337
332
340
337
329
329
342
338
321
324
339
337
328
330
336
330
330
336
339
330
328
341
344
329
326
336
338
329
332
339
343
342
348
355
348
337
342
351
349
339
343
347
340
337
345
351
342
340
347
348
336
334
347
351
336
335
346
343
336
343
350
341
331
346
360
353
351
352
339
328
340
351
353
344
348
352
351
341
340
347
338
331
339
353
343
332
341
352
345
340
345
344
337
351
355
336
323
332
354
351
334
334
351
353
343
337
337
327
327
343
360
340
317
339
402
395
306
289
310
365
433
392
335
455
535
455
296
268
326
390
316
386
318
215
255
343
345
367
329
303
293
304
329
355
367
302
304
306
327
318
313
298
307
315
298
296
309
313
312
313
312
308
300
316
320
308
309
321
318
299
307
316
315
309
315
321
318
320
320
320
314
318
325
331
315
322
324
325
326
334
331
327
324
330
339
340
329
335
338
333
327
336
345
338
330
336
342
334
335
344
348
339
333
340
342
332
337
347
342
333
338
346
343
336
342
343
334
329
338
345
341
330
334
340
334
333
343
338
328
336
346
338
327
333
348
342
332
333
340
339
333
341
346
333
329
339
342
334
334
341
336
329
334
341
342
332
337
340
339
334
336
345
337
326
336
342
332
332
342
344
333
327
337
338
333
335
345
344
344
343
341
333
326
339
348
337
330
341
349
343
326
337
340
332
334
350
344
328
335
344
338
330
336
346
342
339
339
343
335
329
340
349
340
340
341
337
327
332
346
346
337
334
343
341
333
344
350
343
345
340
340
336
332
337
343
336
332
343
347
338
340
340
335
328
334
345
340
336
339
345
338
329
337
344
336
329
339
343
341
334
345
339
327
333
347
345
333
338
350
338
327
336
344
340
335
342
353
348
328
330
338
332
330
343
345
336
335
346
350
333
328
343
342
331
336
348
342
330
332
341
339
332
340
345
335
333
340
348
339
331
338
334
327
335
347
344
334
331
338
336
333
340
348
336
326
334
343
343
330
335
343
332
331
342
341
331
339
348
344
330
334
342
336
330
337
344
337
332
340
350
346
334
332
335