338
331
337
342
338
334
341
341
336
336
344
341
337
336
338
336
334
337
339
336
331
339
347
340
337
340
339
331
333
340
342
336
336
344
341
332
336
342
345
339
335
336
336
333
337
342
343
334
333
338
337
339
342
345
333
332
337
339
338
340
341
336
332
337
344
343
336
334
339
333
331
336
344
333
329
340
340
335
335
342
341
332
334
338
334
334
338
344
342
334
334
338
340
336
338
340
334
335
342
344
333
333
342
341
335
335
340
337
333
334
345
339
329
334
345
339
336
339
341
337
332
341
342
331
331
339
340
334
336
343
341
336
345
348
333
334
336
343
340
332
338
339
333
334
341
345
335
334
343
344
330
335
342
338
334
339
342
338
333
342
348
337
330
336
342
338
337
339
337
334
336
343
342
338
340
346
340
333
336
344
343
337
339
340
335
335
343
343
336
333
344
342
332
334
342
342
336
343
345
336
333
336
342
338
337
342
343
332
329
338
343
337
339
341
337
333
336
344
343
334
337
347
339
327
333
340
339
335
340
340
334
333
341
343
332
334
344
345
334
330
339
339
338
343
340
334
332
336
345
341
338
337
339
336
334
339
338
335
338
341
342
336
336
342
338
336
337
344
338
336
334
335
334
335
342
344
336
333
343
350
338
330
333
338
337
337
347
344
327
332
343
340
337
340
345
342
330
335
340
337
339
345
340
334
336
341
345
334
333
340
345
333
332
343
340
332
335
343
337
332
339
342
340
341
347
341
328
331
340
343
335
338
342
339
334
333
340
340
335
343
333
332
331
333
332
336
334
333
312
318
328
322
318
319
317
328
318
327
318
324
302
298
318
337
314
299
322
313
323
320
323
297
293
332
345
310
294
322
329
331
324
307
308
334
332
338
321
301
327
330
325
317
325
335
332
326
333
332
327
335
326
328
330
333
343
330
332
329
362
374
317
308
325
359
363
350
327
323
352
366
342
345
336
346
361
351
345
353
372
369
354
348
357
354
352
368
360
348
352
367
375
355
342
349
358
359
367
369
348
342
351
367
368
350
345
353
370
360
349
352
348
349
356
361
357
360
348
341
344
356
367
351
342
349
354
350
357
359
345
338
340
354
358
353
345
340
350
350
346
344
345
339
343
349
349
347
351
346
338
339
348
355
347
342
336
338
338
345
348
349
342
336
341
341
346
351
339
333
344
340
338
337
336
342
346
343
349
335
333
334
333
338
342
337
350
346
330
327
334
340
337
333
336
341
338
335
337
342
332
327
331
341
330
334
342
339
326
329
339
339
334
343
348
325
322
331
339
334
336
342
341
327
325
337
338
330
330
339
343
330
331
344
331
324
337
340
334
331
336
339
329
331
331
337
329
328
343
345
328
324
332
335
332
331
341
345
331
333
331
329
327
334
341
335
333
346
336
326
326
334
336
334
335
342
352
334
324
332
334
332
334
339
337
334
347
343
326
324
331
336
332
330
342
340
328
330
338
336
331
333
338
334
332
340
341
333
326
334
340
338
333
348
334
325
328
341
342
332
330
339
340
334
341
347
333
322
329
339
336
332
336
343
343
340
329
339
327
324
336
339
337
340
335
334
333
336
339
336
332
336
342
339
341
344
332
325
328
337
343
337
333
343
340
332
336
348
342
330
331
342
340
338
332
334
336
338
340
344
339
337
344
343
338
329
337
345
334
334
343
349
335
329
336
337
332
337
342
338
335
352
350
328
324
336
340
336
335
342
341
343
338
336
337
331
335
342
340
335
338
350
338
334
338
342
334
331
339
346
340
336
351
340
324
329
344
344
335
337
345
345
337
337
337
334
336
341
346
340
331
337
340
335
334
340
340
340
341
342
341
326
328
340
342
336
347
346
334
334
337
340
333
333
340
346
340
332
336
344
338
334
339
339
335
358
352
324
320
337
347
342
335
340
343
339
338
347
347
333
332
337
342
339
345
339
332
333
342
348
337
329
336
346
348
334
334
335
334
334
340
343
338
338
344
343
336
334
341
345
343
346
339
331
330
336
343
340
334
340
349
351
334
329
333
332
336
341
341
334
336
344
343
331
334
341
340
336
342
344
336
330
334
340
342
337
340
339
335
338
345
340
334
338
343
344
338
336
341
342
336
339
342
337
330
335
341
339
336
344
344
337
330
336
341
339
340
348
339
333
340
343
337
335
338
347
337
333
339
339
338
336
339
342
337
335
342
343
337
336
344
344
334
336
342
349
337
333
344
342
333
336
341
338
335
340
342
342
338
339
336
334
338
350
348
327
328
343
345
332
334