353
338
326
337
348
327
326
329
329
319
335
362
359
340
333
345
336
320
335
356
339
317
318
339
338
314
329
362
344
320
335
355
341
334
340
334
333
344
346
334
310
326
347
342
315
349
361
338
333
320
339
349
346
339
335
328
330
344
342
329
342
334
312
323
346
353
343
332
329
327
340
346
344
340
328
338
348
332
329
336
348
338
305
315
342
332
316
354
358
330
325
347
351
345
330
315
338
337
314
340
350
336
317
335
345
332
332
329
330
340
340
330
310
338
367
363
332
330
333
321
323
341
346
330
330
298
325
345
328
337
361
355
343
344
338
326
316
322
334
335
328
334
338
335
336
341
347
338
338
343
340
328
333
340
335
322
317
339
343
318
330
352
350
329
335
330
334
333
335
348
333
319
341
334
326
342
353
334
311
320
347
352
339
341
347
331
324
333
344
338
330
340
344
320
327
343
346
328
306
332
361
344
340
345
339
324
326
339
341
332
329
317
328
332
346
358
336
334
347
332
321
329
349
347
336
336
349
344
317
325
336
336
326
322
340
350
337
336
344
336
332
343
334
337
347
344
339
324
329
336
339
324
337
349
333
328
338
341
322
337
354
350
315
296
347
368
328
328
351
359
338
316
333
352
347
332
318
335
344
329
349
338
311
322
362
361
342
332
344
342
337
328
343
342
317
323
340
320
320
350
338
284
318
377
382
356
334
342
342
332
340
343
336
332
339
339
315
316
334
365
357
338
327
345
349
353
348
328
333
347
350
330
321
332
342
316
325
362
363
349
345
345
341
336
337
342
344
320
327
336
340
304
331
371
349
315
305
352
369
343
353
357
342
328
348
345
332
327
336
348
337
330
328
329
313
323
349
341
333
340
344
327
327
336
336
330
328
329
326
314
305
338
349
344
333
332
321
312
329
342
334
328
332
335
324
323
332
338
329
324
327
330
326
304
301
346
352
335
332
332
326
326
340
335
324
327
336
337
324
323
335
331
327
336
337
326
319
327
333
322
330
340
343
331
325
325
333
334
338
338
335
326
329
335
333
322
328
336
331
334
338
338
323
322
333
343
338
326
334
337
331
330
339
335
334
333
340
342
330
336
334
335
337
344
342
332
331
334
338
336
332
340
338
337
333
334
341
339
336
338
339
331
332
344
339
334
341
344
337
328
336
342
331
330
345
341
331
335
341
339
329
332
339
341
334
336
345
340
324
329
336
334
341
348
351
337
331
334
334
338
340
340
341
333
332
337
338
330
333
350
346
334
330
336
330
338
346
344
334
330
339
341
334
328
345
350
336
332
339
344
337
337
340
343
338
336
340
340
337
342
344
335
325
338
346
339
334
344
347
336
333
345
344
333
333
348
348
327
331
350
343
334
340
346
340
334
332
340
338
341
347
344
329
325
343
345
333
338
348
344
334
339
336
338
338
346
349
344
334
332
342
344
337
338
342
335
333
345
345
334
337
345
340
331
344
350
345
333
336
348
342
336
340
342
334
324
340
344
347
346
348
341
337
338
341
348
343
336
340
342
337
340
344
334
333
338
347
342
339
339
342
340
341
338
337
342
344
345
345
335
329
339
344
342
342
343
340
335
329
334
346
348
342
342
340
336
339
346
340
337
344
345
338
337
340
342
335
337
343
342
338
337
339
338
342
346
340
331
334
344
341
340
341
342
335
337
344
342
340
336
334
336
339
339
336
339
340
336
342
344
338
335
343
346
338
331
334
336
337
334
327
338
352
349
346
336
333
338
344
340
332
339
344
342
338
344
344
336
332
328
337
340
344
345
340
331
333
343
337
330
334
346
346
338
333
338
342
343
343
344
333
335
344
344
342
334
338
344
336
336
343
342
336
330
336
345
340
341
343
341
340
344
345
338
334
339
340
336
340
344
340
336
338
342
345
337
328
338
342
341
342
348
341
337
342
346
338
333
344
349
338
333
337
337
340
343
342
340
340
340
343
345
337
336
339
340
337
331
343
348
336
338
347
343
340
342
342
337
336
340
345
338
338
337
338
339
339
341
336
334
340
339
341
340
342
337
337
342
343
339
332
336
346
345
341
342
344
340
336
331
344
347
339
339
340
334
337
343
340
336
331
334
342
336
338
346
343
318
330
349
352
337
334
335
338
334
332
342
342
334
330
334
338
339
336
336
326
327
333
340
340
336
336
332
329
337
340
335
332
330
341
337
331
331
333
333
322
319
340
343
335
337
338
332
327
336
339
332
331
335
332
329
332
342
338
327
322
326
340
343
336
331
335
335
332
344
344
336
338