328
339
334
324
331
344
335
326
335
342
336
331
341
344
330
330
339
338
330
332
344
340
329
332
342
336
327
335
344
333
329
333
337
329
329
338
338
327
328
343
338
328
331
346
343
331
332
341
341
333
335
344
339
332
335
342
333
332
343
344
333
332
340
340
330
330
341
339
327
330
342
337
328
333
344
336
329
340
345
332
331
343
343
333
333
346
341
328
334
348
346
330
332
346
344
333
337
342
336
331
340
344
334
329
340
341
330
332
347
342
330
335
348
343
331
336
349
342
333
342
349
337
332
347
350
333
331
344
343
326
330
346
342
329
332
344
338
332
337
342
332
327
341
346
336
332
340
346
337
336
344
344
336
336
348
344
333
338
346
342
334
340
349
338
333
341
345
335
334
346
348
335
332
342
342
333
334
344
342
331
333
342
335
326
335
342
333
325
336
342
335
330
338
340
328
332
344
344
330
332
344
337
331
337
346
336
332
342
345
334
330
343
346
334
335
346
344
336
337
346
341
331
339
352
346
333
339
348
341
337
345
349
342
332
342
347
338
336
347
347
338
335
342
345
338
340
344
343
339
343
348
340
333
343
351
342
332
344
351
342
337
345
347
339
341
351
347
329
340
352
344
335
342
350
342
335
345
353
339
333
346
351
339
335
347
349
336
336
350
349
336
339
349
346
334
341
351
342
341
343
345
340
338
344
347
338
336
345
345
336
340
348
347
337
340
348
338
330
343
353
344
336
344
346
337
335
346
352
337
332
346
348
336
343
352
343
333
340
350
346
337
343
352
343
336
345
348
340
339
345
346
342
340
349
347
336
338
349
344
336
343
351
344
330
340
354
346
336
342
347
339
336
344
348
338
338
344
345
337
339
349
340
333
340
351
342
332
337
347
340
332
342
349
339
332
344
350
331
332
347
346
335
334
344
340
333
338
347
338
330
336
347
340
334
340
347
336
331
343
345
335
337
346
345
333
336
347
341
329
333
345
339
332
341
346
336
332
342
345
334
331
341
343
332
331
343
341
332
336
345
340
328
339
346
338
329
337
344
337
330
339
345
337
336
341
342
330
331
344
342
325
331
346
343
331
336
342
340
334
336
340
333
328
337
343
334
329
339
344
333
330
341
337
328
336
346
338
325
335
345
338
328
334
342
333
328
336
340
332
330
342
342
329
332
343
338
330
334
347
340
325
334
344
342
335
332
338
333
329
337
342
334
331
340
340
332
333
341
337
327
336
348
338
328
334
346
336
327
338
344
333
330
342
346
348
372
385
353
378
428
538
552
373
369
478
564
529
239
180
321
392
401
372
238
184
302
442
442
308
261
311
350
311
349
237
237
341
366
289
287
319
308
289
287
286
306
314
307
304
312
304
307
322
335
306
323
329
319
314
284
308
340
351
310
333
320
295
312
315
318
320
324
291
311
345
309
309
316
323
313
325
306
308
330
320
308
321
331
320
317
330
330
330
319
315
319
323
321
331
328
319
321
325
323
322
335
337
329
321
333
338
334
328
326
334
325
328
343
339
320
325
342
341
329
332
344
344
326
331
340
340
327
339
349
337
326
338
345
336
330
345
345
332
333
343
342
334
334
343
341
330
338
351
342
329
339
344
337
337
344
347
332
333
347
350
341
333
344
347
335
338
348
342
334
339
350
344
336
342
348
341
335
344
356
334
331
345
350
340
336
346
345
335
342
351
346
328
340
351
345
333
340
349
342
342
344
345
338
337
347
346
336
338
350
344
339
340
348
343
334
338
347
342
338
342
349
344
337
343
348
343
336
341
349
339
336
345
343
334
337
348
346
334
339
345
337
333
342
348
339
335
345
349
337
331
344
348
341
337
345
344
332
337
349
344
333
339
348
342
339
339
345
337
332
343
348
338
334
345
348
334
333
345
343
329
336
350
341
333
339
346
339
334
347
350
333
331
344
345
335
335
345
346
333
337
342
338
329
335
346
343
333
338
346
338
331
341
346
341
331
338
344
336
332
342
343
331
335
345
343
331
339
349
340
329
336
345
336
329
340
346
334
329
342
346
333
333
344
344
329
331
344
341
329
333
343
340
334
340
339
331
332
342
346
337
332
342
346
331
330
342
342
332
334
346
344
332
333
345
340
330
339
350
338
328
336
346
333
329
340
342
334
334
346
343
331
332
342
341
331
338
345
333
326
337
346
337
331
339
341
333
331
343
344
332
329
339
340
333
337
346
341
330
336
341
335
331
338
344
336
329
338
349
338
328
339
344
332
331
338
341
331
333
345
340
330
336
347
334