462
348
331
372
420
390
364
383
375
370
341
344
313
363
316
330
331
332
333
334
335
335
336
336
337
337
337
338
338
336
320
318
334
337
325
322
333
331
320
329
335
324
317
328
343
336
321
326
334
324
324
334
334
322
321
336
335
323
327
336
336
323
328
338
328
321
329
339
332
324
331
338
325
324
340
337
319
323
340
336
322
327
340
336
324
331
343
334
324
330
341
332
323
334
340
332
326
336
335
326
328
346
336
323
331
341
334
328
338
342
330
323
334
345
337
331
335
340
329
328
341
343
328
329
342
343
330
330
344
344
329
331
342
336
329
336
343
333
333
340
341
331
333
340
339
330
330
344
341
331
334
346
339
328
337
347
343
329
336
344
335
332
343
348
338
331
342
345
335
336
349
344
326
331
346
341
333
336
344
340
331
339
348
337
328
336
344
337
334
341
343
333
335
345
343
332
337
348
339
329
338
348
340
330
339
348
339
331
338
347
338
336
348
345
332
335
347
345
333
340
351
344
331
343
351
344
330
338
348
342
333
342
347
338
333
344
347
336
335
350
342
331
335
346
345
336
338
346
339
331
345
354
340
329
339
344
335
333
344
349
333
335
347
347
337
334
344
342
331
336
347
338
329
342
350
339
336
342
343
334
329
344
344
331
334
347
345
331
337
348
347
332
335
349
338
330
336
348
341
336
342
346
337
339
342
342
331
337
345
344
335
338
348
343
332
339
346
339
332
341
348
340
332
342
348
337
335
344
343
335
335
347
348
334
338
351
342
330
342
349
338
328
338
349
341
329
339
346
339
336
346
344
328
332
347
346
333
338
347
344
331
339
347
341
332
333
350
342
332
340
348
340
330
344
350
336
331
344
352
340
334
345
346
334
340
348
334
333
344
349
335
329
345
348
336
331
342
342
327
332
344
347
330
335
341
340
329
334
344
340
327
338
349
336
328
337
341
334
337
343
345
333
326
341
345
333
335
345
339
327
336
348
340
331
338
347
345
332
340
342
330
332
347
344
331
336
347
342
328
336
352
347
326
330
346
343
333
338
350
338
332
336
348
340
330
336
351
336
326
340
340
333
335
343
334
327
338
344
337
328
333
342
338
333
336
338
330
327
337
346
333
330
343
340
327
335
347
340
326
332
350
338
328
333
341
335
328
340
345
335
332
342
338
329
336
346
342
331
330
343
343
333
336
341
338
330
337
344
333
328
341
350
336
329
336
345
336
338
342
341
330
335
348
339
329
336
351
339
326
334
344
337
330
339
347
334
331
340
347
333
325
336
347
340
337
342
336
321
335
348
342
328
335
345
341
332
337
342
329
330
345
346
338
328
333
340
338
339
345
340
332
337
345
338
328
330
348
342
332
334
347
338
330
340
344
339
330
334
345
336
333
339
336
334
334
347
356
350
351
385
406
461
419
333
368
349
382
388
297
302
362
372
332
338
375
328
331
345
313
316
320
339
363
355
330
309
318
322
325
333
338
330
330
334
330
323
322
339
333
320
325
336
328
315
322
334
328
320
333
340
333
323
314
346
334
322
335
337
327
328
343
339
324
324
337
336
322
335
346
336
324
327
340
336
328
336
338
333
331
333
339
332
337
341
336
328
334
342
339
326
333
346
342
335
336
344
331
328
340
347
334
329
340
334
329
334
341
338
332
337
345
337
324
332
337
339
338
344
342
329
327
341
341
331
335
337
340
333
332
339
342
326
333
341
340
332
335
346
339
322
334
349
338
325
342
345
332
330
338
337
330
331
345
344
326
330
344
342
330
337
352
341
326
332
342
334
328
340
342
332
332
344
345
332
331
342
339
328
334
348
351
328
330
342
336
327
335
342
336
328
333
350
337
332
340
340
331
331
344
352
325
327
344
344
330
334
347
339
326
337
347
339
329
339
344
335
329
341
348
341
336
342
337
330
333
344
345
335
340
343
334
330
337
344
336
328
340
346
338
338
344
344
330
328
343
343
332
335
345
339
332
341
347
339
330
339
348
336
333
340
348
333
329
340
344
332
332
343
339
330
332
342
342
331
334
345
341
332
342
346
334
327
336
346
336
332
342
343
333
331
347
341
329
332
344
338
339
339
344
336
328
336
345
337
332
337
342
337
330
342
344
333
331
342
343
333
337
344
340
330
336
345
339
329
341
348
332
330
342
348
336
332
342
343
332
334
345
344
332
332
343
343
332
336
350
341
328
336
350
342
331
339
345
333
330
343
344
334
337
347
342
334
335
346
337
332
338
347
337
330
340
352
336
325
338
351
342
331
340