349
340
333
345
345
336
333
343
344
344
341
345
343
336
336
350
342
338
339
346
340
333
348
355
339
327
341
353
342
340
345
345
334
335
352
355
334
337
351
345
333
337
346
342
336
340
353
341
335
345
353
337
330
347
347
335
332
349
351
334
340
348
337
328
336
352
344
332
342
351
339
334
341
348
337
332
350
348
331
336
346
340
331
339
352
342
331
340
348
339
335
342
349
342
337
338
341
332
332
348
346
336
334
348
338
331
333
343
344
332
332
344
338
330
340
347
331
331
347
345
333
335
341
339
329
329
344
345
334
330
346
338
330
337
343
336
333
341
345
334
326
336
345
342
325
339
342
329
332
344
336
328
334
348
342
334
330
342
344
331
330
341
336
328
342
346
338
330
342
341
328
328
343
345
333
333
344
340
341
339
341
331
327
336
344
334
329
334
348
344
331
338
344
330
336
340
332
333
339
345
339
328
335
347
348
332
334
335
332
330
340
348
326
324
349
356
338
325
335
340
339
329
342
335
327
334
346
339
330
338
349
337
328
336
341
333
327
344
347
336
331
340
340
327
333
346
342
330
333
344
338
334
338
344
340
327
333
343
334
328
342
347
328
329
338
345
338
333
346
340
323
331
348
342
328
331
343
338
330
342
349
338
326
335
344
334
335
343
340
330
333
345
346
329
333
345
338
326
337
347
339
333
339
344
334
334
337
344
332
332
342
336
326
331
347
340
332
330
340
337
336
339
342
330
324
340
348
336
328
336
340
336
330
341
337
325
334
343
340
322
334
349
339
325
332
343
337
331
337
342
330
325
338
348
330
328
336
340
329
332
341
342
330
337
344
336
322
331
343
336
328
336
340
333
329
338
344
333
323
347
346
328
326
336
335
334
337
337
333
328
336
340
337
330
334
339
336
330
334
348
333
322
337
341
332
338
346
331
320
338
349
334
321
329
346
341
329
333
343
336
322
335
341
330
329
338
346
331
325
337
342
330
334
338
331
325
329
343
343
327
335
337
329
326
348
347
325
327
336
337
330
338
344
337
324
327
343
341
331
331
348
334
324
327
347
347
322
332
342
334
332
339
341
336
329
331
336
334
345
348
336
323
336
350
338
325
331
342
338
329
334
345
333
330
340
342
330
337
345
334
326
336
349
341
326
334
344
347
330
320
342
351
330
325
348
343
334
337
336
331
330
344
345
342
330
338
343
324
339
352
344
325
329
348
342
336
334
341
343
328
334
345
344
334
339
340
328
345
358
336
322
338
350
337
324
336
354
344
327
334
343
344
337
344
344
327
331
350
352
328
322
345
350
330
331
340
340
332
338
342
327
335
353
344
332
329
343
349
335
331
334
351
343
322
332
350
343
336
342
338
324
335
357
351
333
335
345
364
416
417
347
342
398
427
292
316
398
463
313
224
330
370
357
330
318
367
331
287
317
356
354
308
330
367
343
286
326
360
365
327
314
314
319
324
334
331
324
335
333
328
325
331
341
332
326
331
342
332
321
342
357
322
318
346
343
324
336
337
344
327
326
337
341
324
336
350
328
320
336
349
328
322
339
346
332
330
337
336
331
332
340
339
319
328
342
344
333
335
340
340
331
335
339
336
332
340
346
331
327
340
345
345
324
330
341
337
337
347
339
328
339
347
334
328
338
346
336
324
338
343
337
330
345
340
332
334
345
346
331
331
340
341
336
336
334
333
330
342
346
333
328
339
348
334
329
342
344
327
327
348
339
326
333
340
338
331
340
344
332
321
344
348
327
330
337
342
333
333
342
339
324
339
349
340
326
333
343
338
330
335
345
336
326
338
343
336
325
337
343
331
329
339
341
332
333
345
344
324
326
344
344
334
336
338
333
329
340
346
336
331
340
353
331
336
345
337
328
331
342
340
331
336
341
330
338
340
344
333
326
335
346
338
324
340
342
330
334
342
340
329
331
345
345
328
329
342
337
327
335
345
338
327
334
349
345
325
334
341
332
328
345
350
327
326
343
342
333
340
346
338
331
341
341
336
329
339
347
339
328
338
350
339
324
339
344
334
332
344
341
332
340
348
329
328
338
347
336
326
338
344
336
332
345
346
335
325
338
345
336
328
336
341
330
335
349
338
326
333
346
338
326
334
341
333
336
337
338
329
332
340
341
333
333
338
344
334
330
340
337
324
343
348
331
322
336
347
332
325
339
343
333
328
339
342
325
329
345
342
328
334
345
339
332
337
338
333
328
336
344
337
328
342
342
330
326
337
343
334
337
346
336
325
330
343
339
326
336
351
335