324
328
351
343
322
334
354
341
322
336
356
338
322
344
356
332
321
344
350
325
326
350
346
322
328
353
344
321
332
355
340
321
338
357
337
322
343
352
331
324
346
355
329
323
349
352
327
331
350
344
323
332
353
342
322
336
354
336
323
342
358
334
323
344
354
332
328
348
354
330
328
354
350
330
334
358
345
324
338
359
342
324
342
358
337
326
347
358
336
330
352
353
332
332
355
352
328
333
356
351
327
338
362
349
328
342
362
347
330
349
363
341
327
353
364
340
334
358
362
336
337
363
358
332
339
364
354
333
349
367
348
333
353
367
347
333
356
366
344
336
360
365
342
340
365
363
337
342
369
360
336
349
370
355
338
354
371
349
336
357
371
348
335
362
368
345
341
362
363
340
344
368
362
336
347
371
356
337
351
370
356
339
354
368
350
338
360
367
345
339
365
368
341
340
366
364
337
345
368
358
336
348
368
352
337
352
366
347
336
355
365
343
335
358
365
341
336
362
358
337
340
363
356
330
341
366
352
330
346
363
344
328
349
363
342
330
350
358
332
331
357
357
332
332
357
352
327
335
360
347
323
337
359
344
325
342
356
334
325
348
354
330
326
350
352
327
326
352
348
323
328
351
344
320
332
352
338
320
337
352
334
319
339
349
328
322
344
347
321
320
348
344
317
322
348
339
317
326
346
334
316
334
346
328
315
334
345
320
314
340
346
321
316
339
340
316
321
344
334
312
320
344
330
310
325
345
330
310
327
341
324
313
334
341
321
312
335
343
315
314
338
330
310
318
339
332
313
328
335
316
303
320
338
322
320
321
318
340
335
357
314
315
328
336
319
286
289
355
349
301
314
310
327
316
360
289
266
281
333
330
315
288
308
324
304
307
332
321
293
294
329
326
303
311
334
320
290
311
339
320
309
335
342
305
288
318
339
346
332
343
320
268
296
338
344
357
286
296
338
346
377
305
274
285
326
407
327
243
304
346
346
300
324
359
311
305
331
338
317
328
342
341
308
316
344
334
319
329
349
334
318
341
363
332
321
340
357
331
324
352
354
328
332
359
352
338
335
352
348
331
344
365
346
330
352
367
341
330
354
364
337
334
359
364
344
336
357
362
337
341
366
359
334
344
366
361
342
347
363
351
337
354
371
351
337
356
366
340
336
362
363
338
340
370
363
337
345
362
352
334
348
366
351
332
351
376
350
330
352
364
342
338
359
369
340
336
360
360
338
342
370
365
327
340
367
353
332
347
366
349
332
355
371
342
334
354
360
337
335
368
360
328
334
361
352
327
336
359
345
323
343
356
333
317
340
353
332
323
343
348
324
320
340
344
322
324
346
347
321
326
344
337
317
330
350
337
309
326
345
329
318
338
345
324
320
341
340
316
315
342
340
318
321
340
334
316
328
346
330
314
335
347
324
307
336
349
327
320
336
337
322
320
342
340
316
321
343
344
314
320
345
336
316
330
351
326
314
336
346
325
317
339
345
320
318
341
342
319
322
344
343
314
319
347
338
315
328
344
329
315
332
346
326
318
337
345
319
314
340
346
319
316
345
344
318
321
346
339
314
324
349
335
315
334
357
330
307
332
350
329
319
341
345
322
322
346
346
323
329
352
340
316
325
350
340
318
332
349
333
318
338
350
329
320
340
352
328
322
347
350
326
330
347
343
319
326
349
341
320
332
348
337
318
337
350
332
322
335
345
329
325
342
345
323
324
346
343
320
326
352
338
312
325
350
337
314
328
350
330
314
334
346
324
316
336
343
327
321
334
339
324
323
344
339
318
325
346
332
316
331
347
332
318
332
346
330
319
338
351
330
319
342
347
327
322
345
348
324
325
348
342
323
336
351
336
321
337
351
334
322
344
351
329
322
344
352
331
326
347
348
325
329
352
350
325
331
349
344
323
335
357
336
317
339
355
335
323
344
351
329
324
349
349
329
330
354
345
322
329
353
344
321
336
356
339
322
340
354
336
325
347
351
332
326
346
350
332
330
349
347
325
332
353
346
326
343
348
336
323
338
357
341
324
343
357
338
326
346
351
331
331
351
350
326
331
355
351
326
333
358
348
324
338
357
345
325
346
358
334
325
347
358
340
328
346
354
330
329
353
352
330
334
354
346
327
338
366
342
318
337
358
341
327
346
353
333
328
350
356
334
332
355
351
329
334
360
351
328
340
361
349
330
343
362
348
326
344
360
340
329
353
361
337
331
357
356
335
338
361
351
327
336
361
351
331
344
362
346
330
350
364
345
330
353
364
340
333
360
364