336
328
335
341
336
335
340
338
335
336
339
336
334
335
339
339
336
337
341
337
330
332
338
335
335
339
345
337
330
339
342
334
335
345
341
332
330
343
342
333
336
340
342
341
337
339
333
329
340
343
337
330
342
341
335
332
338
344
335
337
341
338
335
333
344
340
334
337
340
341
335
337
340
337
335
336
343
338
334
338
339
336
339
342
338
332
338
342
341
330
336
341
341
338
341
344
336
335
342
342
337
333
343
344
340
337
340
340
335
335
346
341
332
338
344
340
337
341
346
337
333
343
346
339
331
339
342
335
336
340
342
339
338
342
336
330
340
347
340
336
338
338
338
336
340
343
338
334
340
345
339
336
340
341
342
340
339
340
337
340
343
340
338
341
342
340
336
341
346
342
332
344
346
339
333
342
347
336
336
344
342
335
340
344
340
339
343
346
340
333
343
349
340
334
341
342
337
340
345
343
336
334
341
343
341
337
343
345
334
334
342
340
333
337
345
343
335
339
345
346
334
337
340
337
338
341
343
338
339
343
341
337
338
339
339
336
342
337
334
336
346
343
334
332
344
345
336
337
344
339
335
336
343
336
336
341
345
337
333
340
344
340
339
342
342
338
335
339
342
340
337
339
341
337
336
342
342
334
336
350
342
334
336
338
334
337
343
345
339
335
342
342
333
335
342
342
338
339
340
339
335
338
338
342
338
332
340
340
337
337
341
340
336
339
343
336
334
343
343
338
331
338
340
337
337
342
342
338
340
347
342
335
336
339
338
340
340
345
340
337
342
350
336
334
341
344
341
342
345
344
337
336
342
344
339
342
346
340
334
337
344
339
332
334
338
334
332
338
340
333
335
345
340
337
340
348
346
342
339
345
340
339
344
348
345
340
347
341
339
340
345
345
340
335
339
338
335
332
338
336
332
333
339
332
332
333
340
330
333
336
340
334
333
341
337
325
326
336
331
326
330
340
338
331
331
339
341
338
337
342
335
332
332
338
341
340
338
338
336
339
343
336
336
342
344
334
331
337
350
341
330
334
346
335
332
334
342
338
337
336
337
337
339
338
342
336
336
342
338
333
337
342
336
327
338
350
338
328
334
340
332
336
340
341
333
333
341
343
333
331
340
339
335
334
340
337
333
333
342
334
333
332
344
340
336
335
341
334
337
340
344
337
332
341
340
335
339
346
344
334
333
343
342
337
333
340
336
338
339
341
338
335
338
338
330
331
339
340
335
335
338
338
329
330
340
339
336
335
346
340
332
335
343
341
335
332
338
333
331
338
340
335
343
343
335
332
335
340
336
336
340
344
330
333
333
342
336
334
336
339
335
336
340
346
347
354
382
461
524
507
426
378
458
469
312
287
361
366
464
501
387
224
306
404
413
254
169
250
366
475
341
251
256
364
422
249
261
284
282
289
294
307
305
290
292
301
300
292
309
320
317
320
322
315
299
332
383
343
280
268
340
340
333
342
325
300
300
348
370
320
282
297
333
330
352
339
320
319
317
332
336
318
326
336
327
321
340
330
328
316
318
338
334
328
325
330
336
331
332
332
333
330
338
334
326
327
332
337
332
341
346
329
330
338
336
334
333
332
340
335
328
334
336
333
337
336
337
332
334
342
337
331
335
340
346
330
330
338
337
334
341
344
334
326
336
346
344
330
338
351
340
325
336
339
336
333
344
344
333
335
343
337
331
337
344
340
336
336
342
340
334
336
339
336
331
340
345
335
333
341
345
330
328
342
345
331
334
344
342
339
338
339
338
334
342
343
339
333
340
343
344
337
342
340
332
335
344
341
335
338
344
342
337
340
344
336
334
338
343
340
343
337
335
335
343
349
344
338
338
340
340
338
340
345
339
335
338
344
339
336
339
346
345
344
340
340
338
339
339
343
338
334
343
342
334
336
344
347
336
335
344
340
338
339
342
339
340
342
338
338
335
339
340
336
334
346
345
331
334
340
343
337
338
345
341
334
336
344
340
336
342
345
339
333
348
351
333
333
341
343
336
335
342
345
333
333
340
341
335
335
340
339
343
349
335
323
330
343
345
335
331
341
339
341
334
338
337
333
334
340
338
334
342
343
336
336
340
342
338
336
342
344
335
336
340
340
335
336
341
347
336
334
343
340
334
336
341
342
339
330
343
339
335
338
341
337
333
342
347
332
334
343
342
334
334
341
347
334
334
340
340
334
336
342
340
337
336
339
339
335
338
340
337
336
343
339
336
336
339
342
335
335
344
340
334
341
345
332
329
342
346
338
333
339
344
334
332
339
341