334
336
342
342
334
336
342
340
337
337
341
336
330
339
344
335
333
342
342
337
332
343
344
333
335
345
347
338
336
346
346
338
339
349
343
336
344
350
343
336
342
349
339
338
347
349
342
339
347
345
337
340
349
344
335
341
346
344
338
343
342
342
339
346
346
337
334
342
347
336
337
345
340
336
341
347
340
333
338
347
337
334
338
344
340
331
338
346
339
332
340
345
336
333
342
345
335
335
345
338
331
336
341
338
333
336
342
340
334
338
340
335
331
339
342
332
331
345
341
335
337
342
338
330
327
347
349
335
337
345
336
331
337
343
335
330
344
346
333
331
342
343
333
334
342
342
335
334
342
340
334
336
345
338
332
339
344
337
332
340
346
339
334
342
342
335
336
340
343
334
333
340
338
333
340
344
336
331
342
347
335
331
338
336
330
336
344
345
332
333
342
340
332
333
339
342
336
338
341
340
336
335
337
334
330
338
344
334
329
339
340
335
329
335
337
334
334
340
339
332
334
342
336
326
335
344
335
330
336
339
336
331
338
337
330
331
340
339
333
335
341
338
328
330
340
336
330
335
338
332
330
338
344
334
330
332
336
330
326
337
338
332
333
340
333
328
332
340
336
328
333
339
333
328
332
338
333
328
334
336
333
332
334
338
331
328
336
335
331
329
336
331
325
336
340
333
327
331
340
332
326
335
341
330
326
336
340
330
328
334
335
328
330
343
338
327
330
337
336
329
332
337
338
332
336
338
332
330
338
339
334
330
336
336
331
331
337
336
332
333
338
336
329
333
341
335
331
338
341
332
330
338
340
330
328
342
340
329
331
336
339
330
335
338
336
328
338
342
333
328
333
338
332
333
337
337
329
329
339
340
330
329
337
335
326
332
339
335
328
338
341
333
331
337
341
334
330
334
334
337
338
342
335
328
333
337
337
328
332
338
338
328
333
340
338
328
333
341
333
329
335
341
336
329
336
343
336
332
336
338
333
333
345
334
329
331
342
338
329
334
343
335
334
341
341
332
328
340
344
335
332
339
337
332
339
345
340
329
331
346
343
333
336
341
336
332
340
345
336
329
340
343
336
332
338
336
338
341
343
338
332
340
345
337
332
340
346
334
329
341
346
334
332
344
346
339
334
344
344
339
339
346
345
340
339
341
341
340
344
343
337
338
345
346
340
333
344
351
340
334
345
350
352
361
354
383
411
394
418
366
368
382
339
301
308
376
367
341
358
333
329
355
338
334
379
363
299
306
338
344
339
339
330
324
338
342
339
328
333
336
334
334
339
339
336
327
330
336
332
329
338
341
332
335
346
325
336
346
331
331
337
345
339
339
333
336
335
337
340
341
349
340
337
342
344
336
337
344
338
337
346
345
340
342
342
343
337
339
339
342
338
336
347
345
333
334
345
344
333
335
345
339
339
341
346
343
336
342
345
338
335
341
346
344
343
349
350
348
343
350
351
344
342
346
350
345
345
350
345
341
347
351
343
338
347
352
344
337
343
344
340
341
352
351
342
338
350
348
340
342
348
346
339
344
347
342
338
346
348
339
335
340
342
340
340
343
338
339
342
348
343
336
337
347
344
333
339
347
340
336
341
344
337
333
339
344
340
335
336
340
337
334
341
343
333
337
343
338
332
334
342
338
333
337
342
332
336
339
341
335
333
341
335
333
337
344
341
331
334
347
339
331
337
344
334
330
342
343
331
330
335
336
330
329
330
332
324
326
338
339
332
336
338
332
330
328
338
333
334
336
339
337
336
339
345
337
333
339
337
331
336
343
342
335
335
342
338
338
341
343
340
337
339
339
339
340
346
346
339
334
343
343
336
338
346
344
341
340
345
341
339
339
344
343
333
339
347
341
333
339
342
336
331
342
345
338
335
345
340
325
336
348
345
336
336
342
339
336
335
338
335
334
340
346
340
335
338
343
335
333
341
341
333
329
336
336
335
338
342
332
330
334
343
332
324
342
347
339
333
334
338
332
335
334
337
334
333
340
339
336
337
344
340
336
335
339
341
341
344
346
339
337
338
344
342
337
343
347
341
337
343
343
332
338
343
339
331
332
340
332
326
333
342
335
330
337
338
330
328
344
343
333
334
340
338
335
334
342
340
336
335
342
340
332
337
342
336
327
336
343
334
328
333
340
334
330
334
336
336
336
340
336
331
331
336
334
330
334
344
338
330
335
340
334
329
334
338
333
330
336
336
332
334
341
333
328
336
342
336
332
335
340
337
330
333
342
338
332
336
338
336
338
341
340
333
332
338
336
334