342
340
337
343
342
337
337
345
341
340
339
347
336
334
339
339
334
330
332
336
332
329
335
339
329
326
332
335
332
331
338
335
329
330
336
335
331
334
338
338
330
332
338
334
330
335
339
334
331
337
339
331
332
340
339
333
336
341
339
334
335
340
337
334
338
340
335
334
340
340
338
333
339
339
336
336
340
338
336
336
341
338
334
336
337
337
335
340
343
338
335
338
342
338
337
342
341
335
336
342
340
332
336
344
341
335
337
343
339
334
338
344
337
333
339
342
338
336
341
344
336
336
344
341
334
334
340
340
334
338
342
338
334
340
343
337
334
340
344
337
332
336
343
338
336
343
344
334
336
341
340
335
333
339
340
336
338
342
338
337
340
345
340
336
339
339
337
337
344
341
336
338
342
340
335
338
341
340
337
339
343
337
334
339
345
338
335
342
344
335
338
343
342
336
336
342
338
336
340
344
342
338
338
341
338
337
341
344
338
334
340
343
336
334
339
344
339
339
343
339
334
337
343
341
335
339
342
340
336
340
344
338
333
342
343
337
336
342
344
333
334
342
340
337
337
342
338
336
338
344
339
334
342
342
339
336
338
338
336
336
340
343
337
332
339
342
332
336
344
342
335
339
341
339
336
341
343
335
335
342
343
337
334
340
340
336
337
341
341
336
337
343
340
333
336
343
338
337
342
345
338
336
340
344
337
336
344
341
333
336
346
342
336
337
342
340
336
338
342
340
335
338
343
338
333
339
344
336
331
340
345
339
336
342
343
337
337
342
341
334
337
344
340
335
342
347
340
334
339
342
337
339
341
342
336
336
341
342
337
337
342
339
336
339
342
339
337
339
342
336
340
377
413
396
359
370
383
393
392
364
360
309
352
406
386
329
270
286
326
352
284
252
299
362
383
316
275
322
319
306
322
326
336
333
315
319
330
315
306
330
334
320
305
315
332
323
311
318
330
328
320
317
316
319
324
325
328
319
322
331
329
320
323
333
331
329
330
325
329
330
338
338
334
331
336
342
336
327
333
341
335
331
342
340
334
340
344
340
336
336
343
343
340
342
340
339
340
344
346
338
336
343
348
342
340
343
344
340
339
345
342
340
343
345
337
340
345
347
339
334
343
349
340
336
342
342
339
341
345
346
338
336
346
347
338
339
346
344
338
343
348
341
337
346
348
339
336
348
348
342
341
345
344
339
340
347
348
339
339
347
344
338
341
347
343
338
344
344
341
342
344
343
337
336
346
344
339
336
340
343
339
338
347
342
335
338
344
338
334
343
350
341
336
344
344
335
336
346
344
333
340
346
345
338
341
346
342
336
338
341
339
338
343
344
340
338
338
348
344
336
340
343
340
339
344
345
334
341
346
341
338
341
342
337
339
344
344
341
337
340
341
337
339
343
338
336
337
344
341
332
335
344
341
336
339
345
340
330
336
343
340
336
335
339
338
336
339
345
338
336
337
338
338
336
337
340
339
339
340
339
334
338
342
337
331
338
344
336
332
340
342
337
336
339
340
332
334
341
339
334
334
340
339
335
340
342
337
333
336
341
335
331
341
344
337
334
336
336
332
336
340
339
334
334
337
335
332
335
340
336
330
335
340
336
335
339
339
332
331
341
338
336
338
341
339
332
332
338
340
333
337
341
338
332
338
340
336
334
340
339
336
334
340
337
333
337
343
342
333
337
342
340
333
334
339
340
338
340
341
337
333
339
342
337
336
343
343
336
335
342
342
335
337
340
342
340
339
344
339
335
341
343
337
339
341
337
336
337
343
341
337
337
341
345
336
337
343
339
336
341
344
339
336
339
345
338
335
340
345
338
336
341
339
334
336
343
341
338
339
341
337
338
342
343
339
335
338
340
337
334
341
346
342
337
339
341
337
337
344
340
337
341
345
343
336
336
346
345
335
338
343
344
337
339
343
340
336
339
342
334
334
343
342
335
337
342
339
335
337
344
341
335
335
341
342
338
338
338
337
336
339
339
335
336
342
340
336
340
343
340
334
337
341
340
336
338
340
335
337
345
344
338
334
339
342
337
336
343
339
332
337
344
342
336
340
343
338
333
339
340
337
337
340
338
339
337
337
338
336
335
343
342
336
336
344
341
335
336
342
339
335
337
342
339
339
342
340
336
335
340
343
337
333
338
340
336
337
342
342
334
336
340
339
336
338
340
339
335
336
345
344
338
340
340
336
335
340
337
340
341
344
342
337
335
336
336
340
340
341
340
336
339
343
338
336
342
342
337
332
339
342
335
335
339
338
337
337
344
341