335
335
344
341
334
338
341
334
334
345
342
334
336
340
338
335
334
338
340
340
342
341
337
336
342
337
334
337
341
342
335
337
344
340
328
337
351
344
332
335
342
340
336
340
344
338
332
338
341
338
334
339
339
334
336
339
342
337
336
342
337
331
338
344
339
333
336
338
330
333
343
345
331
332
338
339
337
334
334
339
338
333
338
344
336
334
340
336
334
338
344
338
332
338
344
336
332
339
340
338
336
342
340
333
339
345
342
335
334
338
339
334
337
342
339
332
338
344
336
330
331
344
341
336
338
337
335
338
344
340
334
337
341
337
337
340
337
338
336
339
341
341
336
337
340
336
334
343
342
336
335
345
344
333
334
346
341
329
332
347
344
336
339
342
339
334
331
342
341
335
338
341
336
331
336
339
339
336
344
341
334
337
340
338
333
334
346
343
337
340
344
336
331
340
342
340
337
343
343
338
335
339
336
333
340
343
339
336
334
342
335
337
342
339
335
336
339
341
335
336
342
344
334
336
342
340
334
338
346
343
336
336
343
336
333
342
347
340
339
341
345
350
354
354
336
339
365
391
333
311
379
386
352
288
312
394
365
295
316
381
358
329
351
366
314
312
366
345
336
332
350
354
349
338
353
342
322
348
365
338
320
329
345
363
360
328
326
339
340
339
356
341
335
338
345
354
342
334
326
327
342
354
350
329
333
340
334
333
341
345
336
336
347
336
329
330
340
341
333
335
340
341
332
334
335
337
333
335
340
334
332
339
344
332
332
341
343
337
330
334
339
331
332
340
340
329
330
338
334
328
335
338
332
330
334
339
335
329
331
340
334
330
335
338
331
329
339
337
332
332
333
332
333
337
340
330
328
333
343
337
327
334
341
334
330
336
335
333
333
340
335
328
333
339
338
331
335
341
337
333
336
339
334
334
336
341
332
334
341
337
332
334
341
339
329
335
345
340
330
334
340
337
333
339
343
336
327
338
346
338
330
338
343
336
330
338
344
334
332
340
340
332
338
345
334
332
337
344
337
334
333
339
336
332
339
341
335
333
340
343
330
332
344
341
335
338
343
338
330
329
343
347
339
341
344
337
333
338
343
331
335
346
345
337
334
341
342
336
338
336
334
339
345
347
340
334
339
341
331
338
340
345
337
334
342
342
335
334
333
341
342
340
344
342
334
335
342
334
327
339
353
342
334
339
342
337
334
341
338
331
334
343
345
338
336
342
339
328
333
344
345
337
336
344
338
333
339
338
335
338
347
346
335
333
338
341
335
335
336
338
340
341
344
340
332
336
344
336
323
338
349
342
334
337
339
335
334
343
341
330
332
346
340
336
336
343
342
329
331
343
347
338
337
342
336
334
336
343
337
336
339
340
334
336
343
341
330
334
345
341
334
337
342
339
333
336
340
336
334
338
345
338
335
340
344
337
333
341
342
336
336
344
342
336
335
342
339
333
338
340
335
333
343
347
340
334
339
340
335
334
344
345
340
336
341
342
335
335
341
344
337
337
340
337
332
340
345
340
336
339
339
334
334
344
346
335
335
343
341
334
341
342
343
338
335
344
339
333
334
342
342
336
340
344
336
333
342
342
333
335
343
343
330
334
342
339
334
334
344
341
333
338
343
339
334
338
343
335
336
342
340
332
332
343
344
334
331
344
346
338
338
342
339
332
336
342
340
336
339
345
338
331
335
341
340
338
339
340
334
336
341
335
336
340
345
340
335
338
342
335
334
343
343
338
334
338
340
336
337
343
342
335
334
343
344
334
328
342
348
340
341
345
340
332
338
342
332
336
340
342
339
338
342
341
337
333
337
346
339
338
341
338
334
336
342
339
329
332
343
345
338
340
343
338
333
340
344
338
336
341
341
336
335
344
340
332
338
346
339
331
334
341
337
329
341
347
340
337
341
343
334
331
338
339
340
337
342
340
335
336
343
337
330
339
346
341
334
337
343
338
333
339
343
338
334
341
341
332
331
337
345
339
337
341
338
335
337
340
338
335
340
343
338
329
339
345
337
332
338
343
338
335
340
343
334
333
343
344
338
338
343
340
335
338
344
336
333
342
345
338
333
339
345
334
334
342
344
334
334
344
345
337
339
344
338
334
336
343
340
337
341
342
337
334
341
341
334
336
344
343
333
336
344
344
337
338
343
340
335
336
341
342
335
340
345
337
332
339
341
334
332
340
342
332
334
342
342
335
334
340
339
338
339
343
339
336
338
342
338
336
340
343
332
335
341
342
334
330
342
343
334
332
344
344
332
337
344
339
334