335
340
341
335
337
342
340
334
336
344
337
333
338
341
340
333
337
344
335
333
342
345
336
333
338
341
338
331
339
342
338
338
342
340
331
338
340
340
335
337
338
336
336
343
344
333
327
340
343
337
334
337
340
332
339
344
338
331
335
342
338
335
337
338
336
336
340
339
332
334
342
342
336
334
340
339
332
339
346
338
331
338
342
338
332
338
340
338
336
337
339
338
338
346
346
333
332
344
344
334
336
342
339
335
338
345
340
331
334
340
339
333
334
340
338
334
340
343
336
335
342
344
337
330
339
342
337
338
342
340
332
334
343
339
333
339
343
336
332
337
343
340
335
337
341
336
336
343
336
332
338
345
340
333
337
343
339
336
340
340
337
336
340
344
339
336
340
343
337
334
340
341
337
339
346
341
335
341
345
341
331
338
347
339
336
345
344
338
336
342
344
335
334
346
344
334
336
346
343
337
340
343
335
336
340
342
342
339
340
345
339
336
339
342
335
334
343
342
337
338
344
340
341
342
343
336
332
341
346
340
331
340
344
339
335
343
340
334
336
343
344
332
335
341
341
335
335
342
342
337
338
344
335
329
340
344
338
336
342
340
331
337
343
341
334
334
344
343
333
334
342
337
335
339
343
338
333
337
341
336
334
334
343
338
333
336
342
340
336
344
339
334
339
341
340
334
339
343
340
338
339
343
341
334
336
340
336
337
341
340
334
333
342
345
332
330
341
340
335
335
340
338
333
339
344
338
330
336
342
335
335
342
342
334
330
345
347
332
334
342
340
332
336
344
339
334
339
344
340
334
342
340
332
331
342
345
336
328
340
343
336
332
340
338
336
336
342
338
332
338
344
336
330
334
341
339
336
339
339
333
330
338
339
330
333
340
341
332
334
340
338
330
337
343
337
332
340
344
338
329
337
345
340
331
337
343
335
333
340
339
334
334
338
339
333
337
339
336
333
338
344
338
334
338
344
334
334
338
339
335
336
342
341
335
336
344
338
332
338
345
337
332
338
346
338
332
341
343
334
333
342
345
333
331
342
344
336
333
340
341
336
339
346
339
334
339
344
340
331
335
348
339
335
338
344
338
336
340
342
336
333
341
344
338
339
342
336
338
342
344
337
331
339
343
340
336
342
341
332
334
338
345
338
335
341
344
335
335
340
339
336
339
342
335
333
342
343
336
332
341
342
338
337
340
339
335
337
344
342
332
333
343
341
333
336
344
338
333
339
344
342
351
358
357
361
371
364
365
416
471
400
314
332
430
374
302
288
276
277
342
420
351
254
305
380
348
314
349
339
309
298
339
317
313
317
341
340
325
328
329
320
320
329
337
322
320
324
329
339
346
333
314
322
332
331
326
334
331
322
329
339
336
328
339
340
332
330
341
342
333
330
335
340
332
332
338
339
334
334
338
338
332
332
339
338
333
338
341
336
334
339
335
335
338
337
339
332
329
336
338
332
331
340
339
331
333
336
340
336
336
340
338
332
336
343
339
333
337
344
336
334
339
338
332
331
344
346
334
330
340
344
335
335
340
337
336
336
344
340
334
341
347
340
335
335
338
336
334
342
341
331
335
344
340
332
336
340
339
334
335
342
339
331
338
344
337
335
340
343
334
334
341
341
334
338
340
338
336
336
344
340
331
337
343
341
336
338
343
334
333
343
342
334
334
342
339
336
340
344
339
333
338
339
340
336
338
341
338
336
341
344
336
329
345
348
337
330
342
346
340
335
340
342
336
338
346
343
336
337
341
339
335
341
342
336
335
340
343
338
334
343
346
337
331
343
347
336
336
344
341
336
338
346
341
336
337
341
340
332
336
344
337
339
344
344
337
333
342
345
334
329
341
346
338
337
341
342
337
339
343
336
332
339
340
335
337
342
344
335
333
342
342
334
331
338
341
338
341
344
339
334
338
343
336
335
341
344
338
334
339
341
338
333
341
347
337
333
340
341
334
334
337
338
337
342
343
338
334
339
342
336
332
335
343
341
338
341
342
336
336
337
343
338
339
343
340
334
340
342
337
336
337
345
340
335
340
342
337
332
338
342
338
337
341
339
334
336
344
341
339
338
341
338
336
342
346
338
333
338
344
335
335
342
341
335
336
341
341
332
336
344
343
332
335
342
341
334
335
337
339
340
342
343
334
332
341
344
337
329
340
347
338
336
343
342
336
338
344
338
332
345
349
340
336
341
344
337
332
340
343
337
336
345
343
330
331
343
344
334
335
345
342
334
336
343
342
338
340
340
336
334
340
342
337
333
340
345
339
333