343
340
332
335
347
342
331
332
347
343
333
338
346
338
328
338
346
334
332
344
345
333
333
343
345
334
331
342
342
330
333
345
340
331
336
348
339
330
333
345
338
330
339
344
334
329
342
347
333
330
344
346
332
332
344
343
332
335
344
340
332
338
346
337
331
340
348
336
328
338
346
338
332
341
344
334
334
344
343
331
332
344
342
330
335
345
341
332
337
346
339
329
337
343
338
334
339
342
336
334
345
344
332
334
346
342
329
334
348
344
332
338
349
341
330
338
349
339
331
338
348
337
330
342
346
336
332
342
346
336
337
348
343
335
338
345
342
331
338
346
333
324
329
340
334
335
345
347
341
336
350
352
343
336
350
351
340
339
352
347
337
341
350
341
330
328
338
327
326
321
328
319
324
333
336
322
323
338
343
327
326
347
345
339
342
358
352
348
347
358
352
344
344
353
344
337
349
357
344
338
350
347
339
336
350
349
338
331
340
337
330
330
343
338
332
333
345
335
327
333
342
329
326
337
342
329
322
329
333
321
320
337
335
324
326
340
337
330
330
343
337
328
332
347
333
325
326
336
325
320
330
339
329
328
338
337
324
323
338
336
326
330
345
335
329
331
338
329
324
326
336
329
330
338
348
333
328
338
341
335
333
341
345
337
336
348
347
336
336
349
342
335
342
351
337
335
346
354
336
330
345
352
344
338
346
348
342
335
342
346
340
338
350
349
338
340
351
344
340
343
347
341
338
345
349
341
334
343
349
343
336
342
345
339
339
349
341
336
340
353
344
333
332
346
339
336
344
352
339
333
347
353
340
334
346
345
336
334
342
345
337
337
348
341
334
337
350
345
335
336
348
339
332
341
350
337
326
317
334
340
333
341
343
337
337
346
338
333
338
352
343
331
330
344
334
324
337
349
338
328
335
335
328
324
333
332
321
322
333
334
323
325
337
334
322
324
334
336
328
330
336
330
326
333
341
331
324
334
340
329
324
337
339
330
330
340
339
332
345
400
374
363
360
335
361
371
351
357
349
320
306
326
392
338
354
332
295
320
357
332
325
328
334
321
309
320
348
333
318
327
345
334
325
337
342
332
322
332
340
329
324
335
336
328
328
334
333
327
326
337
336
325
324
333
334
324
329
336
326
320
332
338
331
320
326
339
319
324
342
337
318
338
344
338
326
322
341
340
326
332
345
339
329
337
342
334
328
337
342
332
330
338
343
332
330
342
343
330
330
343
341
328
334
346
339
328
332
343
337
327
337
346
336
327
336
344
335
330
339
341
330
330
342
343
329
330
341
339
328
331
342
336
328
334
342
340
328
334
341
333
327
334
341
330
330
338
339
327
328
340
339
325
329
342
340
331
336
343
334
326
335
344
336
328
337
345
336
329
340
345
334
328
340
344
333
332
341
339
330
335
343
337
330
336
343
335
332
339
346
336
330
340
342
333
334
344
343
333
330
339
343
332
332
344
342
331
337
345
339
330
337
344
337
331
336
344
336
330
339
346
335
331
342
346
330
327
340
340
334
335
342
338
331
335
343
338
332
337
344
336
331
338
342
335
332
342
344
334
331
340
344
334
334
342
340
326
333
347
338
326
332
342
336
330
333
341
336
329
338
341
333
331
340
341
330
332
341
340
328
332
342
334
329
336
344
337
328
336
346
338
325
336
345
336
329
339
344
332
331
340
341
332
332
344
343
334
335
347
336
330
340
347
338
329
336
347
340
334
339
350
338
332
344
348
335
332
343
348
336
335
345
344
332
336
347
342
329
342
349
341
332
340
348
340
334
342
347
339
336
346
347
337
335
347
350
327
336
356
348
332
335
349
344
335
337
347
342
334
343
350
340
332
343
351
339
335
341
348
338
334
344
345
336
337
347
343
333
332
350
347
336
342
348
337
334
344
350
338
333
343
344
338
337
344
345
333
334
348
345
334
334
347
342
332
340
348
338
332
341
348
337
332
344
344
336
333
343
346
335
334
347
345
331
334
345
341
329
338
349
340
331
338
346
338
335
341
348
337
330
341
347
335
332
344
344
330
334
347
342
328
335
345
342
332
334
346
339
330
340
346
334
329
342
346
336
330
340
343
334
332
343
341
331
329
342
343
332
334
345
338
326
334
345
336
329
338
346
334
328
338
343
335
330
341
342
332
330
343
343
331
331
340
337
329
336
346
340
328
335
344
336
329
336
344
336
332
340
340
332
332
342
343
334
330
342
341
328
334
344
340
330
336
344
337
330
336
344
338
328
336
344
332
331
342
343
333
330
344
343