337
337
328
331
340
337
330
332
338
334
330
339
339
331
329
339
339
330
325
339
341
328
327
338
339
328
329
342
337
326
331
339
336
326
333
341
336
326
334
342
331
325
337
346
333
326
335
340
330
329
338
337
332
334
341
338
328
330
345
342
326
333
342
337
326
333
342
331
328
334
339
333
331
343
341
327
326
338
341
332
335
338
335
328
334
341
336
330
334
340
333
329
337
344
334
326
337
341
333
332
339
339
332
333
342
339
328
334
344
337
330
334
342
336
331
337
343
335
333
340
342
334
331
341
345
335
332
342
341
332
333
343
343
334
335
344
337
327
335
343
336
329
337
342
334
332
340
342
335
327
336
339
333
333
341
342
331
334
344
342
332
336
344
337
329
338
348
336
329
336
345
339
332
339
345
338
335
340
346
334
332
346
344
332
334
345
342
333
337
347
343
334
336
342
337
333
339
344
337
336
346
348
333
332
346
343
333
334
345
343
332
337
346
346
330
333
346
342
332
338
344
337
334
341
339
332
335
346
345
336
333
344
347
338
340
346
341
332
337
347
342
335
343
358
343
325
335
348
340
334
345
347
337
334
342
344
336
335
347
346
331
337
348
343
334
339
346
345
336
339
346
342
336
345
346
337
337
351
351
335
330
346
349
339
334
347
348
334
335
347
343
336
344
350
340
333
346
351
335
331
346
352
338
334
345
348
335
335
349
347
334
336
351
346
338
336
344
342
334
343
347
339
335
344
351
340
332
343
349
341
337
345
350
346
357
357
343
364
412
380
309
321
387
395
344
288
360
348
369
336
346
357
331
325
350
358
355
365
334
311
322
367
402
352
298
319
360
346
314
323
359
344
360
328
327
332
326
343
347
346
336
343
347
328
328
346
340
332
333
340
341
338
340
341
333
329
335
340
336
327
342
349
336
327
345
350
330
337
349
343
347
334
347
346
332
328
350
352
336
337
349
353
335
334
345
339
340
345
346
337
334
345
343
332
336
349
352
334
330
342
347
340
341
346
338
336
339
348
343
336
337
342
342
336
341
344
338
332
341
346
337
337
346
343
333
332
345
344
334
332
346
344
334
336
344
342
335
337
345
335
331
342
346
337
333
343
345
335
334
348
348
330
332
344
344
335
336
346
342
338
336
342
337
331
339
347
336
331
339
343
335
332
340
343
332
336
348
348
330
331
344
342
334
338
344
338
332
338
347
340
336
343
345
337
332
341
346
337
340
345
342
332
336
343
339
330
336
345
342
332
335
343
338
331
339
346
346
338
336
339
334
332
342
343
334
334
349
346
330
333
344
344
335
333
351
342
330
337
346
339
331
340
353
344
330
336
342
334
333
344
348
336
334
343
345
334
335
347
346
334
335
344
341
333
340
344
339
334
344
349
334
330
342
347
338
333
341
341
334
337
347
342
332
335
349
344
333
335
344
339
334
341
347
341
332
340
344
340
333
341
342
338
337
343
342
333
334
343
342
335
336
343
339
328
337
345
340
332
340
342
334
331
342
345
336
331
340
345
334
333
342
338
331
334
342
340
331
331
344
340
332
339
343
336
330
336
346
338
330
339
342
333
332
340
341
331
334
346
346
331
328
340
343
332
332
340
335
330
337
347
342
335
336
338
333
334
343
343
333
333
339
342
333
330
343
344
336
331
339
339
330
333
344
339
330
335
345
341
332
338
338
334
332
340
343
332
334
343
339
331
335
339
338
333
335
342
339
330
334
341
337
330
336
344
339
331
336
340
334
332
344
343
334
332
341
342
330
335
348
339
324
330
342
340
331
336
343
338
330
337
344
334
331
337
339
331
329
342
341
330
331
343
342
332
333
343
342
330
334
346
338
329
337
344
337
330
337
345
335
328
339
341
330
330
344
343
331
332
344
342
330
338
343
340
330
335
344
336
332
338
344
338
331
340
343
333
334
345
345
333
330
341
342
333
334
344
343
330
336
348
343
328
334
344
340
332
338
343
335
330
340
344
335
332
342
341
332
330
340
343
333
334
342
338
331
337
347
341
328
336
342
336
330
339
343
336
331
341
345
336
334
340
339
329
332
344
342
329
331
343
340
332
332
343
338
327
334
344
336
331
338
345
336
332
339
337
333
334
341
337
328
332
343
341
331
337
345
338
330
336
348
339
328
334
343
336
336
354
364
354
347
354
355
346
345
354
354
344
344
351
351
345
346
351
345
339
345
350
342
337
348
354
344
334
345
351
340
335
345
350
336
334
345
346
336
339
347
344
332
336
345
337
335
347
344
334
332
339
346