326
342
352
334
324
343
354
338
330
346
350
330
328
349
347
328
333
351
345
327
335
355
339
322
335
349
338
327
340
348
334
326
345
351
335
328
344
345
328
332
352
344
326
333
350
343
326
338
351
339
332
344
348
335
326
345
350
332
327
347
350
330
329
349
350
329
326
345
342
327
338
352
338
323
337
353
339
326
340
349
332
325
342
350
330
325
346
349
328
330
348
348
326
329
350
343
325
336
352
341
326
340
352
337
322
339
350
334
326
348
350
328
327
346
345
329
333
347
340
330
336
350
338
327
341
352
337
327
342
352
338
329
345
349
333
331
350
352
332
331
348
346
328
336
351
340
325
338
353
341
325
342
353
340
328
342
349
338
329
342
348
330
329
347
348
329
331
349
344
330
335
349
342
329
340
351
336
325
342
352
334
329
348
355
333
329
346
347
329
333
352
348
329
334
352
343
329
340
353
343
330
342
352
338
330
345
351
336
332
350
353
334
329
350
350
333
338
356
349
330
340
354
347
333
342
351
337
327
345
356
338
331
349
353
337
336
350
350
334
337
357
350
329
337
357
349
333
342
354
344
330
345
355
339
332
348
354
337
333
352
354
335
334
355
353
330
334
355
347
331
340
356
345
330
344
357
343
334
354
355
333
331
352
356
338
336
354
354
333
338
357
351
332
339
355
347
332
344
358
345
331
344
359
344
336
355
357
336
335
352
352
336
338
355
350
333
340
355
346
332
347
356
343
329
348
359
341
330
350
356
338
334
350
355
336
335
354
350
331
336
354
350
330
339
356
346
329
340
354
344
332
345
355
338
330
349
354
334
332
347
353
335
334
353
352
330
336
353
346
329
339
354
344
330
343
353
338
329
348
356
335
325
345
351
334
335
351
349
330
333
349
343
328
338
352
341
326
338
352
339
330
342
349
333
328
347
351
331
326
347
349
330
330
349
348
327
335
366
374
342
336
362
366
355
361
355
310
314
369
385
381
359
331
353
328
322
366
343
321
338
374
355
315
341
351
345
329
334
355
341
349
331
324
341
347
349
334
309
324
346
331
328
336
330
321
308
311
335
331
312
311
334
323
321
326
325
313
304
326
353
323
317
346
349
323
306
340
356
324
315
360
361
322
316
362
376
360
340
340
346
331
335
353
372
373
331
340
327
342
361
390
352
320
335
346
337
343
364
339
304
328
358
341
313
343
346
323
312
338
341
320
316
337
343
320
311
338
332
308
310
322
320
320
316
328
316
307
321
333
316
304
334
339
317
308
328
334
319
318
336
333
316
314
338
336
319
324
344
334
312
320
344
336
317
336
344
321
320
340
349
327
320
342
341
324
332
352
339
325
330
346
341
327
334
351
336
324
342
354
338
334
343
343
328
327
348
353
330
328
349
357
330
328
356
350
327
333
353
349
336
345
354
338
332
342
352
348
332
349
352
340
339
351
350
331
335
355
359
337
340
355
347
331
343
361
357
333
335
351
343
332
351
357
338
343
352
349
334
336
361
358
335
338
364
359
326
329
353
351
333
344
370
346
324
339
358
349
339
346
352
340
336
362
361
333
337
353
349
336
343
359
347
333
342
361
349
333
359
357
335
328
352
365
344
331
357
359
333
332
366
366
326
328
352
356
335
339
358
349
333
343
361
348
330
345
358
337
330
353
358
333
339
358
354
336
341
359
352
327
342
359
351
338
342
358
345
330
346
358
348
340
350
362
336
328
350
358
336
336
356
350
329
335
358
356
338
340
354
349
329
345
352
340
334
345
355
337
330
351
357
335
333
355
355
338
335
353
351
333
346
361
341
330
340
354
350
337
344
354
342
333
353
364
339
331
353
359
342
343
354
347
330
340
353
347
336
350
370
360
345
362
377
357
345
362
376
350
340
367
378
352
351
364
362
344
351
370
364
347
346
362
360
344
356
371
350
336
352
370
354
339
361
367
344
337
363
371
345
340
362
357
342
346
359
350
342
354
362
346
338
349
369
353
338
345
352
340
340
359
358
340
339
363
364
338
343
363
351
328
340
367
352
329
340
360
344
330
348
359
339
329
351
355
347
338
358
357
341
331
350
352
332
336
359
355
338
341
350
339
333
345
360
338
339
356
357
332
324
345
353
332
331
352
362
341
326
340
341
326
334
352
351
335
331
345
342
332
341
349
333
333
353
358
337
333
339
346
330
322
343
344
328
334
349
339
326
334
348
336
323
338
362
336
318
336
344
324
316
337
348
334
326
345
335
318
326
345
339
320
326
343
338
319
334
351
332
316
331
346