324
320
344
342
321
333
355
345
318
338
353
341
324
344
350
329
316
336
350
326
313
339
357
329
325
345
348
329
326
343
334
313
323
342
332
316
335
352
332
316
340
348
325
311
341
343
312
311
340
352
318
316
342
346
317
321
344
333
316
325
340
324
305
329
349
328
315
339
344
326
313
338
340
318
309
333
336
310
320
344
336
310
321
344
337
314
329
342
323
309
326
337
319
317
340
341
316
316
342
341
320
317
338
330
308
315
342
338
317
324
340
333
312
331
343
330
311
327
338
318
311
332
340
314
321
341
337
313
323
346
336
310
320
342
326
307
324
343
323
311
333
346
324
312
342
344
317
311
339
338
309
315
338
340
314
328
344
339
318
333
345
326
311
332
346
322
312
331
346
326
322
342
345
323
317
339
343
322
320
342
334
313
329
348
336
315
336
348
332
313
339
347
326
316
336
347
322
318
340
352
324
326
349
338
316
325
346
332
312
327
345
326
314
338
348
326
318
348
352
325
312
342
345
315
315
342
344
318
326
346
340
319
338
356
333
317
333
344
322
314
338
348
324
322
348
347
319
319
350
343
316
319
345
339
316
327
348
342
320
331
351
343
317
332
345
330
319
334
348
321
315
342
362
336
328
366
342
317
325
401
365
293
317
385
342
290
312
363
376
312
328
342
332
356
351
335
327
329
359
342
329
342
341
329
330
386
352
302
308
360
360
311
310
338
365
337
320
360
364
338
316
334
353
312
309
352
342
320
330
347
353
356
339
315
316
318
368
352
307
305
345
369
322
306
334
354
332
322
344
341
322
324
351
342
313
332
349
332
316
343
354
331
316
353
357
327
312
341
353
325
322
343
349
325
336
359
357
330
328
351
343
324
338
355
333
318
338
362
342
328
356
358
336
330
356
358
333
327
347
355
329
336
361
365
335
331
354
351
334
346
354
338
333
353
363
340
337
361
367
335
334
362
356
336
340
359
350
331
349
360
352
333
352
370
356
338
350
359
345
335
347
364
342
336
358
364
337
341
366
367
340
339
361
352
332
343
367
355
328
347
364
348
335
360
369
348
333
351
356
334
334
350
358
335
342
357
355
332
344
363
353
335
341
355
341
327
345
362
341
330
354
372
348
331
353
352
334
334
356
352
331
339
356
349
330
347
363
346
329
351
360
343
333
344
353
332
330
352
364
336
336
359
363
339
334
358
352
331
338
366
341
326
349
364
342
328
354
362
349
334
358
357
332
328
352
357
333
339
358
359
333
343
363
356
331
342
361
343
322
344
357
336
332
358
369
341
335
368
362
334
332
359
352
328
336
358
351
329
341
359
346
326
343
355
344
324
339
353
333
327
350
354
329
333
356
359
340
342
356
346
326
336
362
345
326
339
364
351
326
346
361
348
335
355
355
335
328
350
356
332
330
349
355
329
340
358
358
334
338
355
339
320
339
354
334
328
349
356
333
327
355
359
334
327
358
350
319
331
358
349
321
335
356
350
332
352
361
338
323
345
358
332
323
347
356
338
334
354
355
333
328
351
348
328
334
349
335
320
333
350
337
322
340
352
332
318
343
354
324
312
337
346
322
324
347
352
328
333
355
350
328
335
350
338
326
340
345
330
320
338
349
326
318
344
346
325
318
337
345
319
321
343
345
321
330
353
350
326
330
346
337
323
335
351
338
321
346
355
330
322
349
348
321
318
344
339
310
320
347
335
312
328
348
333
314
334
349
327
312
329
342
321
311
340
348
311
308
340
342
316
316
341
334
310
329
350
330
307
326
347
333
314
334
344
323
313
334
342
319
313
339
342
323
320
342
338
317
324
351
339
312
328
348
333
313
330
348
330
314
334
348
322
313
337
345
320
318
344
344
326
324
342
336
315
326
346
336
315
330
351
335
319
339
351
328
315
335
346
329
326
344
342
320
325
348
342
315
326
350
340
318
326
346
332
312
331
346
328
316
337
348
330
319
340
343
320
324
348
346
322
326
347
342
324
330
350
338
320
337
356
335
327
336
348
332
324
345
349
326
323
346
350
326
323
347
343
321
329
352
344
324
330
349
337
323
340
351
332
320
339
356
328
317
344
350
327
324
347
348
322
325
354
347
323
332
352
342
322
336
358
332
317
342
352
330
322
343
350
337
325
345
347
326
329
352
345
326
329
353
345
324
334
354
340
322
339
358
337
325
345
353
330
328
351
353
335
333
352
346
324
329
356
351
320
333
358
341
320
340
357
336
326
346
357
332
325
348
352
331
329
352
360
329
328
350
346
325
334
355