346
342
332
336
348
337
330
334
343
338
336
338
342
337
337
345
341
333
337
349
342
329
332
343
339
334
336
346
343
333
337
341
342
330
336
343
342
334
336
340
335
335
346
348
339
334
337
337
333
334
345
338
333
336
342
341
333
339
345
338
333
338
343
333
332
340
345
336
332
343
341
335
334
342
338
334
339
344
338
334
339
344
339
331
335
343
336
333
344
340
330
333
345
342
332
334
343
341
341
338
338
334
330
337
342
337
332
337
342
337
336
346
344
332
336
343
340
332
335
345
341
332
336
346
341
344
344
339
334
329
340
348
336
331
340
344
338
336
340
340
335
336
346
338
330
336
346
337
329
336
341
337
334
340
345
336
336
342
343
332
334
344
343
332
335
343
339
330
337
343
339
331
339
345
337
332
344
345
335
336
343
342
333
336
344
337
330
337
345
342
335
338
347
338
329
340
349
341
332
336
343
336
333
346
346
338
332
340
344
336
330
341
339
334
335
342
344
335
341
341
331
326
341
350
333
327
339
344
333
335
345
344
335
337
347
338
332
336
340
336
332
340
353
342
332
337
342
335
333
340
344
343
330
338
343
335
335
344
343
335
334
344
340
334
334
338
335
330
344
347
332
330
349
373
361
334
364
430
367
285
325
428
415
343
340
288
318
385
455
364
277
341
411
346
320
368
417
385
328
327
359
376
337
373
345
324
325
331
348
371
354
338
320
353
360
354
343
312
326
368
374
321
350
361
314
304
334
347
363
331
328
340
340
328
333
340
364
347
306
320
336
343
333
319
324
332
339
334
330
341
335
331
323
328
341
325
337
335
333
330
335
341
330
334
343
335
323
330
337
336
332
329
331
328
338
330
335
328
320
331
342
326
322
330
340
334
321
337
343
325
317
330
337
326
329
332
328
328
337
338
320
318
332
339
327
321
327
337
333
324
337
338
325
323
334
340
334
319
331
333
329
327
333
336
326
329
336
330
331
340
340
322
321
334
338
328
334
335
333
326
332
339
336
334
337
339
329
328
330
335
336
331
342
345
330
325
334
338
333
333
341
343
345
334
324
325
326
333
341
338
338
340
338
331
327
334
338
335
336
345
337
330
331
334
334
331
331
341
341
336
333
337
333
330
332
341
339
331
338
347
336
323
332
340
335
333
339
353
330
327
340
340
331
334
344
340
328
335
342
334
328
336
344
337
335
347
342
336
330
336
336
333
335
338
339
332
336
340
338
332
336
343
340
335
351
350
325
320
334
342
338
336
347
340
328
330
342
343
334
337
343
342
344
349
336
328
329
339
346
339
335
340
350
346
336
339
339
334
338
351
342
328
337
345
341
332
336
345
340
333
342
351
342
333
334
340
336
335
344
347
338
334
347
349
330
331
338
340
335
337
344
344
337
339
346
338
331
337
344
341
336
336
341
333
335
342
340
333
338
345
339
334
351
349
337
324
331
339
336
335
339
342
335
332
342
343
336
338
351
346
328
325
337
340
335
338
345
340
337
345
344
332
325
337
344
337
338
346
343
337
335
345
343
332
337
346
342
336
349
341
333
330
337
345
343
339
343
349
337
330
339
346
338
334
340
341
338
348
340
331
327
332
342
339
332
340
350
336
330
337
343
334
332
339
342
335
344
344
343
335
328
334
336
332
337
344
342
333
338
343
339
332
338
344
338
337
344
339
326
331
344
342
333
336
342
342
345
348
338
327
326
339
343
336
331
342
344
342
333
334
338
332
331
341
342
335
341
340
340
329
331
343
340
333
339
350
345
329
331
340
336
336
344
343
338
338
334
340
336
333
344
339
334
338
342
338
336
339
343
339
333
339
348
336
329
337
343
335
337
346
340
334
332
343
340
331
334
343
342
337
332
343
340
337
339
341
338
332
338
341
336
335
342
348
338
331
343
338
330
335
346
344
329
333
343
339
333
338
350
345
322
333
342
336
333
340
343
331
331
340
342
332
336
344
338
330
337
343
336
330
339
345
340
335
338
339
330
332
347
348
329
327
340
343
342
342
343
333
329
337
346
341
333
336
348
344
334
336
341
339
337
343
343
337
339
344
343
342
335
345
341
334
343
349
336
331
340
346
341
337
342
349
337
333
340
341
338
342
345
342
336
339
341
337
335
342
344
335
331
339
345
337
336
341
342
337
339
342
345
337
334
340
339
329
334
346
339
335
341
341
334
330
339
343
336
335
343
344
334
332
336
341
335
337
345
341
327
331
346
340
333
341
343
332
328
338
349
340
328
339
344
334
334
342
346
333
328
340
344