346
345
336
340
346
341
335
341
343
338
338
344
345
338
336
343
346
336
335
341
342
332
338
346
346
337
333
339
340
336
340
347
339
333
339
344
343
338
346
342
334
331
342
344
334
335
345
344
339
339
348
340
330
336
350
340
330
338
346
338
334
346
347
334
334
343
345
336
338
345
337
333
336
345
341
335
337
342
336
334
342
346
336
332
341
343
338
339
339
338
330
333
344
343
337
340
347
342
335
343
345
342
332
338
345
339
334
342
348
339
331
341
345
337
336
346
348
335
336
344
339
337
341
343
342
333
339
345
338
335
341
345
336
334
343
343
339
336
342
342
335
337
346
344
334
342
352
340
332
339
346
343
336
344
350
336
334
342
346
338
337
343
343
335
338
343
341
338
340
345
339
334
340
347
340
335
341
347
336
331
342
348
338
335
347
346
334
331
344
344
335
338
346
340
334
338
347
344
339
345
354
335
332
344
344
336
334
344
346
336
339
350
345
334
341
351
340
335
342
348
341
334
342
349
341
334
342
346
338
336
346
346
336
337
349
345
334
341
347
339
330
340
351
343
337
339
344
338
336
345
347
338
336
347
345
338
340
351
340
333
337
347
342
336
344
345
338
331
337
345
341
334
338
342
336
338
346
344
332
331
343
346
337
336
347
346
336
340
346
342
339
342
348
341
336
342
350
339
337
347
346
338
337
346
346
334
337
349
346
335
338
346
345
335
340
349
343
334
342
350
340
336
342
344
336
338
350
349
335
334
345
344
334
336
346
345
334
342
347
341
332
340
347
341
336
343
346
340
337
343
344
335
338
348
344
335
338
346
341
333
339
348
342
331
338
345
340
337
344
347
337
334
346
352
333
333
346
344
337
338
345
342
335
342
348
340
334
342
347
340
334
343
350
340
335
345
344
337
340
346
346
337
340
347
344
335
342
354
340
336
344
348
341
336
344
348
340
334
345
351
340
338
341
345
335
336
346
344
333
340
350
345
337
342
349
339
334
345
352
336
334
344
347
337
337
346
345
339
337
344
340
335
341
346
340
334
342
349
337
334
344
345
336
333
344
347
335
335
350
342
335
338
348
340
333
343
351
340
334
342
347
341
340
344
345
338
333
342
346
337
337
345
345
337
339
350
347
338
344
344
338
335
342
350
341
332
340
351
346
335
339
343
338
336
343
345
336
338
350
344
335
337
348
344
336
337
344
338
342
347
357
346
365
446
506
508
458
533
651
489
231
299
375
328
420
343
221
334
384
306
340
450
495
277
226
321
390
346
328
363
410
300
272
321
348
330
306
311
344
337
323
336
344
322
303
316
330
333
324
323
328
326
318
333
328
314
317
332
332
323
318
335
333
320
332
336
323
319
330
342
325
319
326
334
331
322
335
346
320
316
334
343
329
331
336
325
322
334
340
330
322
334
339
336
326
328
335
331
329
339
335
330
330
336
335
326
326
338
335
324
330
341
336
329
347
336
322
321
332
343
335
326
334
337
328
333
346
347
324
324
337
338
333
339
340
333
330
335
343
338
328
328
338
339
332
342
344
330
328
344
341
345
336
332
330
330
338
352
344
332
334
341
338
334
340
350
338
332
336
338
334
334
346
353
335
330
339
341
335
339
353
336
324
332
343
339
333
345
352
337
326
335
343
338
338
348
339
329
332
344
344
344
345
341
332
330
341
347
342
342
340
338
334
333
343
347
337
340
338
339
335
333
343
349
340
330
338
339
334
337
345
344
334
339
348
341
335
344
356
334
330
341
347
337
338
348
346
332
333
345
346
343
344
344
338
333
340
350
344
338
347
347
338
331
339
346
340
340
345
344
331
335
348
350
338
341
357
348
332
338
348
343
328
335
347
337
328
338
342
332
332
344
338
329
333
342
340
334
338
342
336
328
332
345
339
325
330
340
337
333
339
340
332
334
342
342
338
334
337
340
332
341
343
339
333
336
341
340
335
338
340
335
328
336
342
334
329
339
342
334
331
342
344
338
335
339
339
332
336
345
338
330
331
339
337
334
341
344
332
328
337
340
334
335
343
337
328
333
346
346
332
332
338
337
331
338
346
335
328
336
344
339
333
338
341
334
330
339
344
332
330
340
340
333
338
348
336
329
340
347
337
325
334
346
342
329
336
340
336
333
340
338
334
336
339
336
330
336
344
340
332
338
349
337
326
338
342
334
334
338
339
331
332
341
343
336
332
342
342
334
333
340
340
331
339
344
334
331
340
345
341
336
340
344
333
336
344
343
333
333
347
346
330
334
344
343
335
334
343