344
352
344
336
349
349
342
345
346
343
343
344
350
350
350
342
345
337
344
347
341
331
354
352
336
335
341
357
354
346
340
337
345
350
347
333
332
347
343
345
351
350
345
333
341
352
341
334
345
350
353
347
341
344
344
343
330
342
352
345
334
328
344
356
346
338
335
340
350
351
345
337
340
345
343
342
332
334
342
329
336
345
343
340
337
337
340
335
341
346
345
345
331
332
333
339
343
336
339
352
337
336
336
332
343
350
345
341
324
332
334
341
346
337
326
341
340
340
340
340
332
333
338
331
318
322
332
347
341
332
326
315
333
342
324
329
340
332
331
334
332
331
325
313
324
338
333
319
296
322
338
333
325
322
323
330
329
321
315
318
328
336
319
313
326
332
326
318
324
333
327
323
318
317
313
306
335
343
325
312
304
322
334
340
323
313
322
330
327
325
325
316
324
323
330
327
318
324
333
332
322
319
328
316
326
336
332
321
313
321
331
329
326
326
332
323
325
331
334
325
314
323
334
336
322
303
330
345
334
319
312
329
340
338
333
326
330
329
320
309
317
349
347
335
329
326
327
327
323
319
335
338
337
334
332
328
326
325
322
321
334
337
338
337
331
322
320
323
330
332
342
341
339
332
328
332
334
330
335
329
325
328
338
333
325
334
338
335
333
331
326
332
342
344
329
326
332
336
329
332
331
331
341
342
336
329
335
329
332
343
343
325
314
333
344
344
338
325
327
333
338
334
336
336
331
330
343
344
338
331
328
328
333
334
338
340
344
338
331
335
343
337
330
327
335
344
338
334
335
329
336
335
336
336
335
336
334
339
336
339
336
330
340
340
336
336
341
343
342
340
332
326
335
338
326
327
344
340
342
339
338
340
343
336
329
338
343
332
339
344
339
332
336
337
334
340
348
347
343
332
336
344
349
339
338
332
342
343
339
334
334
343
342
341
345
338
328
349
358
352
339
337
340
337
340
334
339
339
352
348
332
342
348
349
343
338
345
346
343
336
338
340
337
337
337
340
347
348
340
328
342
348
348
339
335
335
344
335
340
344
344
338
340
342
339
340
347
348
345
338
341
341
341
339
349
342
327
333
349
344
341
346
350
344
343
334
335
345
344
331
332
351
352
338
341
346
347
340
331
339
351
352
347
337
326
339
358
348
322
333
354
340
345
344
337
342
348
338
336
342
330
346
348
340
346
348
338
340
337
332
336
350
352
347
339
326
337
345
331
344
356
347
340
339
341
342
339
341
349
342
327
340
345
339
336
338
347
349
342
339
347
351
340
341
342
335
336
349
350
336
326
343
332
320
351
364
350
336
348
346
328
332
354
352
343
332
338
346
343
334
333
339
329
340
351
355
343
334
334
335
347
348
340
339
346
338
329
346
346
342
334
338
342
344
332
339
345
346
334
343
344
342
342
347
338
336
345
348
344
335
329
340
336
335
353
347
340
329
343
353
349
341
329
342
344
344
339
339
346
346
341
330
336
352
350
343
341
341
339
334
337
316
337
369
357
336
332
342
347
345
344
323
327
354
357
349
336
338
325
343
352
350
344
339
329
343
346
343
339
340
344
345
342
337
342
341
333
339
350
343
344
342
341
340
345
347
340
331
330
346
353
334
342
338
339
346
348
339
338
343
337
343
348
345
341
339
341
342
339
342
345
345
339
332
336
342
340
335
343
343
342
335
338
338
342
340
344
344
339
338
334
336
340
339
338
340
336
339
343
339
338
334
336
339
340
335
341
339
336
340
345
344
333
332
341
343
340
341
338
334
334
340
340
338
336
337
342
338
336
337
340
341
341
337
337
339
334
341
343
344
341
334
333
344
340
333
334
332
343
344
337
340
339
336
336
341
336
333
338
346
338
337
334
342
339
332
336
340
335
334
342
339
340
335
336
339
336
343
340
338
336
340
338
335
336
335
342
342
337
338
340
341
334
335
340
343
339
336
336
340
341
342
336
337
340
344
342
337
340
336
338
338
338
341
338
338
337
335
330
342
342
344
340
336
336
337
341
336
341
344
338
332
338
343
344
342
340
335
329
336
346
339
338
346
341
335
334
335
343
340
341
342
339
337
334
336
342
340
335
335
342
344
342
337
338
339
338
336
341
340
339
338
336
336
345
347
338
338
338
338
338
342
342
335
336
340
344
345
338
335
334
338
344
345
343
336
333
340
346
341
338
342
339
343
340
337
334
339
341
340
336
336
340
347
342
333
341
346
341
342
340
339
338
341
342
343
339
340
341
340
342
349
344
342
341
341
342
342
340