330
334
337
333
338
338
333
331
334
340
338
332
333
333
334
338
335
338
338
336
338
341
332
334
339
338
335
336
344
345
337
334
336
339
336
341
343
338
333
342
346
342
337
341
345
343
341
340
336
340
344
342
343
343
339
344
342
343
346
345
344
332
340
358
355
342
340
345
345
341
346
346
345
339
346
350
348
348
351
352
347
349
354
352
344
345
354
353
348
352
350
352
348
351
353
348
342
349
348
351
354
351
346
347
347
348
352
351
342
348
350
346
348
350
352
346
344
353
351
345
348
349
343
339
344
353
350
348
350
347
345
342
348
349
344
346
348
345
346
350
346
347
344
345
349
347
341
344
348
346
345
344
344
345
346
343
340
337
342
349
344
342
347
345
346
341
341
340
341
341
342
343
340
341
342
344
343
341
343
342
338
337
346
344
333
337
343
342
341
343
344
341
336
340
341
341
342
341
340
333
340
342
341
334
342
349
344
335
336
343
339
336
339
340
339
338
342
342
339
338
341
342
337
337
337
337
341
334
343
344
335
336
339
340
339
339
342
333
327
331
340
340
340
338
339
336
336
343
344
335
332
338
338
336
338
342
336
329
337
346
340
334
338
336
327
334
343
343
331
333
345
345
336
330
335
340
338
335
340
336
334
336
340
338
333
339
343
338
330
333
341
335
332
338
343
336
333
336
341
338
336
341
341
333
333
343
340
338
337
340
339
335
339
342
341
339
340
334
339
342
341
340
337
338
340
344
337
342
347
342
336
336
346
345
337
338
347
342
334
337
346
344
337
341
342
344
339
341
345
341
338
343
347
340
334
336
343
350
349
346
338
336
342
342
344
343
338
343
342
339
343
341
337
340
342
344
338
337
345
340
337
342
346
341
336
341
348
344
341
341
342
334
324
330
354
349
330
317
315
336
366
356
327
332
351
357
337
329
338
329
318
340
364
336
290
289
311
332
363
362
350
334
328
354
360
335
326
344
352
372
339
322
364
343
329
357
319
307
369
380
370
342
339
321
309
388
390
337
327
338
315
349
398
357
334
340
356
353
352
354
351
319
358
360
324
328
378
377
297
325
395
358
334
362
361
340
332
327
335
355
356
350
348
324
351
381
368
338
308
354
357
331
335
339
357
359
356
339
318
322
353
376
345
343
354
356
342
305
336
385
365
329
319
351
360
343
321
319
328
356
358
354
350
353
348
341
338
332
332
346
345
356
352
332
321
349
363
330
318
354
357
342
330
342
351
336
345
342
328
345
339
328
356
359
354
340
316
309
364
369
346
332
333
332
336
345
354
346
342
332
339
346
328
325
350
361
336
323
338
335
333
349
349
334
340
331
350
347
329
345
347
334
326
333
343
330
334
332
317
324
365
371
332
317
337
342
343
343
349
338
318
330
353
347
312
330
356
355
327
334
352
337
329
330
333
335
344
352
352
337
332
327
324
332
348
354
340
327
334
343
328
332
351
342
334
332
340
351
336
322
328
334
333
338
338
343
336
330
342
345
342
323
336
340
324
335
351
349
326
328
338
343
336
338
342
325
325
335
340
347
339
335
313
318
349
357
340
332
328
338
345
336
336
339
329
317
311
340
355
336
311
331
346
337
335
341
342
335
329
327
339
340
329
326
337
348
338
332
326
331
343
344
328
330
350
348
343
334
334
331
311
326
350
350
342
333
335
341
338
335
333
338
336
331
328
337
341
345
341
334
338
336
332
333
328
335
333
331
341
342
336
336
339
328
334
341
335
328
329
336
351
339
310
322
348
350
328
335
338
332
336
339
341
336
329
338
329
336
340
339
344
338
334
318
310
335
357
357
342
329
337
331
328
328
333
338
334
342
340
332
334
331
322
329
345
339
342
335
329
336
335
331
342
345
332
332
345
340
325
324
332
336
352
348
332
319
336
347
331
341
339
331
336
341
338
331
331
340
343
327
330
344
338
334
333
341
342
342
342
339
330
324
329
339
347
350
344
336
329
330
338
340
342
338
335
318
326
339
348
340
339
341
337
330
330
315
314
340
359
361
345
335
339
338
335
333
328
318
325
341
352
345
339
340
337
337
342
338
330
331
331
334
347
349
336
326
327
342
347
339
336
336
320
328
353
355
345
335
326
332
331
337
346
349
336
322
337
340
345
342
330
328
332
349
344
333
339
340
339
338
336
329
333
348
342
332
337
341
329
333
339
339
352
348
331
320
321
350
350
336
335
336
344
341
337
326
320
331
350
345
340
344
337
329
338
339
336
328
334
348
351
338
339
338
331
322
331
341
330