346
343
333
334
342
343
333
329
338
340
328
328
339
346
337
338
339
343
340
337
335
336
337
336
333
324
329
344
347
342
326
332
348
342
339
342
338
336
334
329
330
334
342
340
341
344
339
334
341
330
330
350
348
341
337
341
337
334
336
343
343
333
335
351
345
340
332
334
337
344
344
337
334
339
349
338
332
340
345
340
336
340
340
337
339
341
331
338
340
343
329
326
338
350
349
331
325
338
345
350
349
343
331
328
340
348
345
344
339
330
332
343
338
343
341
344
341
334
336
340
340
338
340
339
343
345
341
331
339
341
336
336
337
341
332
338
350
340
337
336
331
336
345
344
340
332
337
341
334
332
339
346
344
335
333
339
338
336
344
349
340
330
337
342
338
340
340
340
336
321
337
346
337
340
340
336
333
337
342
343
338
334
338
335
334
342
344
340
341
334
326
335
348
353
344
334
331
338
340
342
341
342
336
330
332
342
338
330
335
351
347
334
336
327
342
349
347
331
324
333
342
344
339
337
338
337
329
334
351
335
321
343
349
336
338
340
340
335
340
342
340
325
335
348
340
332
333
339
344
338
338
344
337
322
335
343
339
325
332
350
340
334
337
342
339
334
336
335
331
326
341
350
336
339
343
334
342
340
340
338
339
336
331
341
352
339
335
332
337
325
334
346
345
344
341
332
323
335
336
340
341
336
331
335
341
341
338
333
330
344
349
347
337
331
318
321
344
348
332
323
333
345
341
341
339
330
336
344
336
330
335
340
336
344
339
330
340
341
340
336
330
342
342
329
326
335
345
338
320
346
353
353
338
330
339
340
345
331
328
343
345
320
354
377
326
343
354
340
324
325
355
340
325
332
326
337
333
330
343
346
318
308
330
361
393
334
305
372
304
295
327
340
353
339
336
303
394
349
288
316
337
315
327
360
352
324
329
350
313
301
327
367
359
319
304
335
388
341
307
302
320
355
357
350
310
316
347
385
328
305
330
363
368
345
318
318
341
340
352
339
353
339
329
358
332
322
339
350
356
344
338
347
327
334
348
348
365
366
305
309
325
345
350
356
341
339
341
365
341
324
341
350
344
337
332
325
348
351
359
335
325
336
349
349
354
340
329
347
346
346
348
347
342
335
338
354
360
346
327
335
354
353
329
335
356
363
349
321
333
359
345
338
347
344
341
342
348
347
346
356
340
334
341
344
348
344
332
344
368
346
331
335
350
353
352
345
334
343
339
352
367
335
332
353
340
344
334
341
356
350
337
340
337
341
356
350
342
343
351
343
335
344
343
346
352
329
339
349
372
330
330
338
342
346
353
348
341
331
352
354
359
340
333
347
354
331
334
345
345
351
342
340
348
361
346
332
334
347
357
342
333
338
332
338
340
346
347
347
343
342
346
337
344
336
330
351
346
341
339
336
348
346
338
347
342
342
350
328
340
342
344
344
346
335
330
338
340
336
334
348
358
323
324
346
344
333
339
343
353
340
338
342
332
320
338
348
344
334
340
352
334
329
335
334
330
334
343
344
335
329
334
340
342
340
335
336
331
342
336
331
345
332
334
339
349
333
336
329
341
341
339
327
335
332
334
346
336
317
328
365
355
327
310
334
337
365
319
313
329
331
342
333
338
333
335
328
330
337
336
339
336
328
327
323
345
344
324
335
341
329
319
325
341
343
314
318
334
352
341
308
322
328
342
353
342
316
317
332
343
335
317
324
331
330
324
332
353
331
312
322
330
329
331
341
326
324
333
336
329
322
342
343
316
320
349
332
313
326
346
349
332
324
336
326
321
332
337
329
325
345
346
326
330
332
333
330
337
339
335
334
340
344
338
327
319
336
346
345
336
327
320
328
349
358
326
321
342
351
337
336
333
330
338
337
341
344
342
337
335
339
328
339
354
330
328
330
347
345
332
352
348
329
334
348
350
346
331
332
347
345
328
334
328
341
359
344
335
344
344
338
338
346
351
343
333
337
338
338
345
343
341
346
332
336
342
350
341
335
344
336
335
350
344
335
334
339
348
332
333
358
350
328
334
342
352
343
335
328
336
349
345
337
338
325
330
350
349
335
342
347
330
330
343
346
342
332
336
348
339
326
335
339
339
347
347
337
324
339
345
354
348
330
314
331
346
354
349
326
322
328
348
345
335
323
335
346
341
339
329
320
322
338
338
327
338
337
342
329
323
344
328
322
334
350
332
325
330
352
330
313
328
332
335
336
344
341
328
328
330
349
338
333
332
337
358
336
322
331
338
350
346
336
330
338
361
348
328
331
347