346
351
328
324
348
347
325
327
352
346
320
328
352
344
318
331
356
338
318
338
357
332
316
343
358
329
317
349
354
323
319
352
351
320
324
354
345
316
330
357
339
313
333
357
331
310
337
356
327
312
344
355
320
314
351
354
319
320
352
349
316
325
355
340
312
332
359
335
309
338
359
329
311
342
353
320
310
346
351
318
312
350
349
318
321
354
345
313
327
358
338
310
334
360
333
312
342
358
328
313
346
356
322
315
347
351
320
318
352
346
314
321
355
343
313
331
359
336
311
336
356
330
313
344
358
323
314
348
353
318
315
351
346
314
321
356
347
315
328
357
342
316
336
359
330
310
340
359
328
314
350
359
325
318
352
353
320
323
358
349
316
328
362
347
316
336
365
341
316
342
362
334
318
346
359
328
317
351
356
320
321
358
354
318
324
360
350
317
332
359
344
316
336
360
335
316
344
361
329
316
350
360
326
320
354
354
320
324
357
351
318
326
360
346
318
334
361
340
315
342
362
333
317
348
361
329
322
357
360
324
322
358
354
318
323
359
350
316
330
361
341
315
340
363
335
313
342
359
329
317
350
359
324
318
353
325
325
334
337
336
335
334
335
334
334
335
335
334
335
335
334
334
335
335
334
334
334
335
335
334
335
335
334
334
335
334
323
304
324
352
331
302
327
352
326
305
335
351
321
308
344
350
316
310
345
343
312
316
350
342
308
319
352
339
309
328
355
331
310
336
355
327
314
343
357
325
315
350
355
320
321
356
351
317
324
360
348
312
330
363
342
316
337
361
336
316
345
361
329
314
348
357
325
321
353
351
319
323
357
350
316
328
361
345
314
332
362
339
316
343
364
333
318
350
362
327
320
355
358
325
323
357
352
320
327
360
347
317
333
361
343
316
341
363
337
316
345
364
331
318
353
362
324
320
359
360
319
322
362
354
320
331
362
347
318
336
363
342
317
345
366
335
317
350
364
328
317
354
361
326
322
358
354
322
330
365
351
319
335
366
345
317
341
367
338
319
348
365
334
322
355
361
326
323
358
358
325
327
361
351
320
332
363
349
315
334
363
340
315
342
364
334
318
351
365
330
321
355
356
322
325
359
355
317
326
362
349
317
333
362
344
318
340
365
336
315
345
365
331
316
350
359
326
324
360
357
320
332
391
386
336
367
404
371
338
332
387
376
294
342
372
324
323
377
385
323
334
371
350
324
341
369
364
331
340
376
362
331
348
382
358
331
360
384
357
338
366
385
351
336
372
383
345
343
383
377
339
341
378
374
342
347
380
363
340
358
380
360
330
351
378
345
337
353
366
327
318
353
356
315
314
351
342
302
311
342
334
302
312
341
322
294
317
338
308
288
320
334
304
289
325
331
297
294
331
329
294
299
337
324
290
304
336
323
289
310
340
315
290
322
341
309
294
329
341
307
298
332
337
306
304
339
334
302
310
343
328
300
321
351
325
300
323
349
322
302
333
351
316
306
340
348
315
310
344
344
310
315
350
340
306
323
354
338
304
330
357
331
309
338
358
329
315
347
354
321
314
349
352
317
320
354
349
315
331
362
343
310
329
361
340
313
338
361
332
310
342
359
325
313
348
356
322
319
354
351
319
320
355
346
314
330
360
341
314
334
360
335
312
340
360
332
315
349
360
328
320
353
354
319
324
358
351
316
326
362
348
316
335
359
339
315
341
364
336
317
349
363
330
317
351
359
325
322
359
357
320
326
361
350
316
332
365
345
317
338
366
337
314
345
363
332
319
353
365
327
323
359
358
324
326
361
354
320
332
364
351
319
337
365
342
317
342
368
336
318
351
364
330
320
356
364
329
324
358
357
324
331
366
356
322
335
366
348
318
340
366
340
319
348
364
333
318
352
361
327
321
356
360
320
325
362
354
318
329
361
347
316
336
362
339
316
340
362
334
316
348
362
327
318
353
359
325
322
357
357
325
327
355
347
319
332
362
343
316
341
362
339
317
346
362
330
315
350
361
325
317
358
358
322
321
357
352
318
329
359
345
317
335
362
340
315
338
358
332
317
347
359
326
317
351
356
322
319
352
351
316
324
356
345
313
329
359
339
310
334
361
336
312
343
360
327
312
346
358
325
320
354
356
320
322
358
351
316
327
360
345
316
335
361
338
312
339
361
330
316
349
363
329
317
352
356
322
322
356
353
319
326
358
348
314
330
362
344
315
337
362
332
312
343
357
328
312
346
357
324
318
351
354
320
323
358
350
317
330
361
345
314
332
360
338
313
338
359
332
313
345
358
324