343
355
331
316
346
360
328
317
350
356
323
322
358
353
321
329
356
346
320
332
359
344
317
336
362
340
319
346
360
333
320
353
358
326
319
349
355
323
324
355
350
321
332
362
351
319
333
361
344
322
343
362
337
318
350
363
331
320
354
357
324
326
358
353
321
329
358
349
318
334
361
346
322
342
361
338
318
347
365
335
322
352
360
328
325
357
355
324
326
358
350
322
334
364
346
318
338
364
340
322
343
362
334
319
350
361
332
322
353
356
325
329
359
351
322
335
358
340
318
339
364
338
315
341
362
336
318
346
361
332
322
348
354
325
326
357
356
322
326
360
349
320
333
362
344
319
341
366
336
315
345
360
331
321
354
363
330
324
356
360
326
326
358
351
323
331
361
350
320
339
360
339
318
345
363
339
322
351
360
325
321
357
362
322
322
360
357
323
330
361
347
322
336
361
342
320
341
361
336
317
346
362
332
321
354
360
326
324
357
356
324
328
362
354
322
332
363
346
320
339
365
343
323
348
361
334
322
353
362
331
326
357
358
324
326
359
353
322
333
362
350
321
338
364
340
320
342
363
338
322
350
364
334
319
352
361
328
330
362
356
322
330
362
351
322
333
362
350
320
336
358
339
321
348
363
332
320
351
360
332
325
356
359
324
330
359
350
318
330
361
347
318
336
361
338
318
347
365
334
313
346
360
332
321
350
355
324
323
356
349
319
328
360
352
317
329
357
342
319
339
359
334
316
344
359
328
319
349
352
321
319
355
353
322
328
356
348
320
332
360
344
321
338
355
334
319
345
361
330
318
347
356
325
320
361
358
317
319
354
352
322
329
355
345
320
331
357
338
317
337
361
340
321
341
353
324
318
352
356
321
324
357
363
331
328
351
344
354
405
388
335
356
398
395
321
258
322
355
292
302
408
417
300
244
326
370
343
284
323
361
340
306
296
321
320
309
335
343
307
326
342
338
301
333
349
303
300
336
340
307
306
346
345
305
310
349
330
305
323
354
332
300
335
352
313
302
339
353
317
307
341
348
312
312
354
348
312
319
363
356
304
313
354
348
314
332
352
331
316
338
353
328
319
344
351
324
320
350
352
320
327
365
360
322
330
362
351
328
350
370
344
317
346
369
343
325
352
365
337
326
359
366
329
335
366
361
332
336
366
355
327
342
369
353
324
345
371
347
331
359
369
340
331
360
368
335
330
366
364
333
340
369
365
332
340
369
359
330
352
374
347
327
358
373
343
330
362
372
337
332
369
370
336
336
365
362
333
342
370
357
329
340
366
348
330
355
369
341
324
357
373
339
326
359
363
332
331
365
363
328
337
367
354
324
337
368
351
324
343
367
346
323
352
367
336
324
354
367
336
326
358
362
328
331
362
355
326
337
363
351
322
342
376
353
319
341
362
339
324
351
363
334
329
358
358
325
326
360
356
329
337
368
344
316
336
366
348
320
345
369
340
317
348
365
331
320
355
363
326
324
359
355
326
331
358
351
320
333
361
344
318
340
370
342
310
336
358
332
318
350
360
328
324
356
345
317
323
354
349
319
330
357
343
315
331
358
338
316
336
362
337
314
340
354
326
320
349
356
321
321
354
350
320
331
363
347
314
331
359
340
314
338
359
334
313
340
356
330
324
350
355
318
314
351
354
320
321
354
347
318
330
358
343
316
335
360
333
314
341
358
329
312
344
357
324
317
350
355
322
323
359
348
317
324
355
344
316
335
357
336
315
337
357
334
316
338
352
326
320
348
353
322
320
352
351
321
330
360
346
317
329
358
341
316
338
364
332
311
342
358
328
315
347
358
328
326
347
345
318
326
358
348
317
327
360
345
314
330
357
350
338
372
409
379
347
384
408
366
353
390
399
368
356
398
400
374
360
394
377
342
354
396
392
369
368
387
361
348
365
380
362
346
378
387
347
341
375
383
367
353
383
370
340
352
385
373
338
345
386
380
351
354
375
367
336
361
376
354
326
355
368
343
330
377
385
341
324
362
356
328
363
386
350
314
331
361
342
318
362
383
347
311
348
362
337
323
336
338
317
319
352
346
323
322
356
334
308
325
352
344
314
354
375
329
294
326
351
344
324
347
343
319
303
345
346
328
316
341
337
314
310
341
325
299
321
351
330
315
336
344
320
306
334
330
312
311
343
340
303
290
323
330
313
314
345
326
300
314
338
328
314
326
343
310
308
331
329
303
304
361
351
306
298
351
348
320
316
341
323
299
306
330
314
300
320
343
320
299
326
332
308
294
350
357
314
285
316
330
305