337
342
362
355
336
339
365
345
325
340
375
353
311
327
340
332
306
330
372
355
330
345
339
332
323
353
364
345
324
335
336
322
331
361
367
354
345
338
329
304
312
321
339
353
357
356
343
324
343
335
336
355
370
362
341
329
352
363
354
347
365
356
322
324
336
346
339
348
367
352
337
345
348
342
331
352
364
352
335
346
354
338
337
363
358
348
331
313
326
318
328
351
351
346
348
337
325
326
353
342
331
346
362
344
317
326
353
343
326
341
368
348
287
314
344
340
327
340
361
349
324
338
355
345
331
348
354
336
326
340
332
319
336
368
356
320
325
330
327
302
327
362
349
320
330
326
325
322
345
354
335
332
355
334
309
326
359
356
330
330
343
337
280
306
348
352
339
341
345
341
304
324
351
343
320
341
359
346
311
322
352
358
346
343
342
324
329
330
346
352
352
356
342
321
337
352
348
348
358
353
338
336
349
338
321
334
370
362
325
324
326
335
322
342
375
352
336
344
343
336
329
351
362
346
329
343
346
330
326
350
358
350
341
330
333
322
337
362
353
343
345
341
327
318
339
343
337
331
349
350
326
325
347
346
334
339
361
352
304
320
341
347
324
328
367
357
319
324
346
343
308
326
360
347
316
323
325
312
304
329
352
348
337
336
342
303
314
345
346
353
351
329
318
301
325
309
298
311
343
350
327
300
315
336
336
347
366
351
321
333
349
349
345
353
373
354
319
336
318
313
310
341
341
321
291
288
288
297
332
369
369
347
344
327
333
329
347
373
355
340
346
348
347
343
360
370
355
362
371
358
340
343
358
341
319
341
344
338
295
337
383
375
358
355
370
358
313
327
344
342
331
347
358
345
345
376
373
363
346
354
357
306
316
364
369
344
334
334
346
360
379
375
344
333
360
370
369
345
356
352
328
328
365
366
346
341
352
357
339
348
355
357
340
354
358
351
334
341
362
349
356
355
356
344
371
369
352
347
349
377
368
348
332
355
354
348
353
364
357
340
350
357
365
333
343
353
335
345
352
376
347
350
355
356
342
341
364
344
333
336
351
352
335
353
352
352
327
335
366
344
332
338
375
358
328
354
355
342
343
346
347
324
346
357
346
317
322
356
342
331
340
346
347
322
322
332
326
342
352
346
324
324
359
345
315
347
348
360
334
317
348
346
324
336
334
336
318
338
361
338
327
348
348
342
333
322
347
324
328
367
348
302
319
333
350
332
311
332
336
318
339
340
306
315
331
336
325
311
312
338
322
313
338
336
307
328
339
327
316
328
339
337
313
311
342
341
310
325
352
323
300
323
335
313
311
333
327
302
311
327
323
318
317
326
326
307
310
332
339
319
313
328
330
313
324
341
314
300
325
335
320
313
331
335
303
302
327
324
305
312
340
329
302
310
335
328
309
333
355
318
301
322
342
318
307
335
352
326
311
330
344
322
320
331
335
319
326
334
324
311
324
338
326
321
328
336
320
312
332
344
326
318
346
342
317
318
333
331
327
326
340
333
327
334
348
326
312
332
344
337
325
338
359
346
331
340
334
318
327
344
344
331
367
380
372
345
358
358
359
341
324
345
380
332
352
411
392
375
361
311
281
327
376
418
338
314
337
386
397
376
381
353
316
344
353
345
320
332
351
326
323
357
391
360
339
360
379
347
328
333
343
324
336
374
375
345
371
367
363
354
369
410
332
325
388
452
359
279
322
367
366
381
396
364
322
346
392
396
351
373
358
360
347
365
394
375
338
357
362
353
335
327
342
352
342
350
356
336
345
355
342
319
354
364
358
349
345
357
362
339
343
368
354
333
349
369
346
350
339
346
342
363
346
340
331
333
348
353
326
318
341
344
336
343
358
347
336
340
354
355
354
365
383
349
343
348
368
346
352
352
367
364
359
345
343
330
353
368
363
341
360
376
353
333
338
350
338
332
351
370
347
336
331
340
326
330
346
344
329
343
357
349
332
336
352
338
318
331
354
338
352
361
379
347
341
368
377
341
347
366
372
340
346
371
372
323
330
354
355
343
348
360
350
330
350
353
333
331
342
348
335
343
363
352
328
341
347
346
338
351
353
348
344
349
338
329
327
342
353
332
322
337
350
335
338
337
334
307
319
338
338
315
313
321
301
288
307
336
327
311
330
344
313
303
314
332
311
317
338
340
319
326
336
344
324
332
340
328
315
326
337
329
321
341
352
331
320
342
362
338
325
337
346
328
326
341
354
333
341
350
348
330
342
349
340
314
332
366
350
314
324
347
342
325
335
349
345
334
343