315
335
341
318
316
342
341
314
315
345
342
317
322
344
336
314
327
345
329
313
333
349
326
315
340
346
323
320
339
345
320
322
345
340
315
327
352
337
316
330
350
333
314
335
349
326
316
341
350
324
319
344
345
319
324
350
342
316
327
352
338
315
329
352
334
319
339
354
331
318
344
354
328
321
350
352
327
328
353
346
322
333
355
343
322
338
358
338
320
341
358
336
321
347
355
328
322
350
352
328
330
357
349
326
335
359
344
323
340
361
342
326
342
357
336
327
352
357
333
328
353
351
328
334
356
344
323
336
358
346
325
341
364
344
325
343
358
336
326
351
357
334
330
354
355
331
332
357
350
329
340
361
350
327
344
363
348
330
350
365
340
330
356
365
335
332
359
360
334
336
366
356
330
337
361
350
329
346
366
346
330
352
364
339
330
357
364
336
334
360
360
333
336
362
356
330
340
366
353
330
344
364
347
331
350
362
341
331
356
364
333
331
360
360
333
336
362
351
326
338
360
348
328
345
361
343
329
349
362
338
329
352
358
331
328
357
356
329
331
357
350
326
339
359
344
325
340
360
339
322
344
361
337
325
349
358
331
327
353
352
328
332
356
351
327
340
359
345
329
344
361
341
327
349
362
337
328
353
361
335
331
358
356
331
334
357
352
330
339
360
346
327
347
363
346
330
349
363
339
329
354
359
333
333
357
356
332
334
359
355
327
339
363
348
327
343
361
342
328
347
363
339
327
354
364
335
331
358
354
329
336
359
351
329
339
360
345
324
341
362
343
326
348
359
334
328
355
360
331
331
358
354
328
334
359
350
326
338
356
344
327
343
359
339
325
347
358
336
326
349
357
331
328
354
354
327
331
359
350
325
337
359
345
326
343
359
337
321
346
357
333
323
348
355
330
325
351
352
325
330
355
344
322
335
358
342
322
337
355
334
318
342
353
329
320
345
351
325
324
349
345
319
326
352
344
317
328
350
343
354
387
391
425
433
516
610
628
643
310
224
366
456
392
455
381
143
131
396
336
284
362
271
227
387
391
319
234
296
382
280
258
330
301
352
278
244
316
302
263
308
299
279
312
336
289
263
300
324
294
272
311
330
298
306
324
316
297
308
322
308
286
288
331
311
264
297
347
334
306
289
302
310
265
296
324
308
291
326
329
289
286
325
304
284
290
333
315
283
294
330
319
292
315
327
309
295
321
324
300
294
324
320
292
285
310
307
275
276
309
288
246
271
321
297
263
296
342
342
330
347
366
344
327
355
359
338
328
360
351
324
326
358
337
317
315
334
307
301
306
316
286
288
310
317
278
279
306
296
273
277
304
290
284
296
327
300
293
302
337
311
307
335
360
323
303
340
359
333
315
347
354
348
337
373
348
335
332
381
344
322
341
384
344
323
331
355
337
334
364
363
320
308
351
349
330
318
345
338
341
340
383
353
343
336
365
339
330
351
384
320
278
330
387
331
297
353
386
336
324
378
377
354
361
404
383
355
373
405
379
365
373
388
360
352
384
388
346
340
387
387
349
333
366
354
338
341
379
358
340
340
372
339
319
333
360
327
311
344
350
314
302
338
345
324
321
361
335
309
306
348
330
317
315
348
316
304
316
338
311
304
310
321
303
307
312
310
313
315
318
300
308
327
352
332
336
329
350
337
338
353
371
350
338
344
348
329
334
357
341
323
342
369
360
347
345
364
344
348
357
387
353
344
360
378
361
355
373
383
330
327
385
408
347
334
397
397
337
337
406
401
366
376
411
389
369
391
413
390
377
400
409
376
367
389
389
363
365
389
382
357
362
388
377
352
366
386
368
349
370
379
353
345
370
376
349
346
370
373
343
344
374
367
338
343
369
358
331
350
373
351
331
354
368
343
334
354
362
342
336
362
360
333
337
366
358
334
339
364
349
326
342
362
342
327
350
364
339
330
355
364
336
332
357
361
339
328
358
355
334
344
365
350
326
348
371
350
327
348
364
342
331
362
362
337
332
359
361
333
337
364
356
332
338
365
353
330
346
366
350
330
354
368
342
331
355
362
336
336
364
356
331
336
364
352
326
340
365
349
326
343
362
340
326
350
364
336
330
353
353
330
328
357
355
327
333
358
346
324
335
359
344
321
338
357
336
317
340
356
333
321
345
350
324
323
351
354
323
324
350
343
319
330
354
340
318
332
352
335
316
338
350
326
316
343
353
324
317
346
348
321
324
350
345
318
325
351
338
318
333
352
333
316
336
350
326
314
340
349
320
314
343
344
317
322
347
340
314
323
350