337
365
313
290
349
362
303
289
350
357
298
299
358
345
288
307
360
338
289
319
361
325
284
327
358
314
287
339
360
310
291
344
352
303
301
356
348
294
308
363
341
291
317
366
332
285
326
369
325
292
337
361
311
290
347
359
299
296
356
353
297
305
357
340
291
314
363
327
282
316
365
322
287
334
363
309
291
345
358
300
292
352
354
297
302
361
348
292
318
362
336
291
325
369
329
288
330
366
321
291
342
364
311
297
356
361
299
301
361
354
298
315
367
344
296
323
370
338
298
334
369
325
296
347
368
315
302
357
362
307
308
363
357
299
316
373
351
301
328
374
342
300
334
376
338
304
347
370
321
305
360
371
312
310
366
364
308
320
376
357
304
324
376
344
300
336
377
337
303
348
375
330
308
358
372
318
307
367
367
309
316
374
360
303
322
377
352
306
330
374
340
302
343
380
330
300
355
376
321
306
363
375
312
310
370
363
306
323
376
353
302
332
375
342
304
345
377
333
306
354
376
322
306
364
371
314
315
371
363
306
322
378
358
301
324
374
348
302
338
376
332
306
349
372
322
306
358
368
318
315
368
366
310
315
372
358
304
328
378
348
301
338
378
338
304
347
379
329
308
360
374
317
312
373
369
310
313
371
361
310
329
380
350
303
336
384
342
302
345
382
332
304
356
377
321
309
362
370
312
312
367
360
309
319
371
352
302
332
378
338
294
335
376
327
297
350
372
316
304
359
370
311
310
368
357
304
316
369
348
297
320
370
343
297
334
374
334
301
350
373
322
306
355
366
313
305
366
364
308
316
376
358
305
329
382
344
299
338
379
338
304
349
379
335
310
358
375
320
313
369
368
309
314
375
365
309
326
378
355
308
342
386
342
304
349
386
331
303
355
374
322
314
370
373
310
316
373
364
308
324
374
350
301
330
379
342
302
343
376
330
300
351
374
316
298
357
369
310
307
363
361
307
318
369
349
300
328
379
342
297
334
376
334
301
350
372
320
305
359
368
311
303
364
363
305
314
371
357
299
320
374
347
299
335
375
333
298
348
378
325
299
356
374
319
304
363
365
310
312
374
359
308
329
378
349
299
336
384
344
302
344
378
333
313
384
405
318
309
435
481
328
272
421
476
320
246
384
407
285
290
386
419
314
268
317
316
321
384
384
300
262
317
353
297
300
356
354
293
307
382
390
320
261
338
377
285
277
337
326
301
331
347
303
295
345
348
290
288
351
356
293
291
358
354
276
288
350
341
292
308
355
324
278
321
360
314
288
343
359
304
289
351
356
302
302
361
353
296
314
365
344
296
329
379
340
299
336
377
338
301
346
368
319
308
366
366
311
309
370
365
310
326
379
356
304
333
383
346
307
348
383
333
302
358
380
326
308
369
379
315
311
372
368
311
330
377
354
306
330
380
350
307
340
384
344
300
344
380
328
306
360
373
323
311
362
364
308
317
372
358
302
326
381
356
304
332
377
337
299
343
377
332
300
353
370
318
306
362
365
308
313
373
367
304
315
380
355
299
330
377
341
301
346
377
330
299
350
377
320
306
363
374
316
313
369
359
302
318
374
354
304
331
381
340
296
339
377
332
297
350
375
320
306
357
367
309
305
364
360
302
315
373
353
297
322
372
343
296
332
375
337
298
346
371
323
299
356
374
318
303
362
364
308
306
370
362
304
319
376
351
299
327
374
340
302
343
375
330
302
358
374
320
308
365
369
311
311
370
359
304
324
381
353
298
325
376
340
300
341
382
332
293
344
372
318
301
358
371
312
320
370
358
299
317
375
354
299
326
376
345
300
336
375
333
302
348
374
324
307
366
363
306
302
363
363
307
316
373
356
310
324
369
343
301
336
376
337
299
344
375
325
303
356
371
315
305
363
367
317
314
364
353
302
321
373
347
300
329
371
344
295
337
374
328
296
349
372
318
302
360
367
306
310
367
355
299
315
371
351
298
322
370
341
297
334
372
330
299
352
379
319
297
358
367
311
308
368
364
309
318
373
359
306
326
376
345
299
340
383
332
298
348
378
327
301
358
378
314
312
371
369
311
319
377
360
306
328
379
348
299
333
380
341
304
351
379
326
302
356
377
320
310
366
373
308
316
375
363
304
321
379
358
296
327
378
339
296
336
375
329
296
343
373
319
300
357
366
309
310
372
359
293
310
375
356
298
322
372
343
298
337
376
332
296
346
375
323
298
356
366
310
307
368
364
305
315
371
362
307
323
375
349
304
336
379
338
303
348
374
329
312
361
374
317
305
368
373
311
312