358
356
335
339
358
351
331
340
359
348
333
346
358
346
336
348
354
340
332
354
358
338
336
354
353
330
339
360
350
334
342
355
344
330
347
360
345
330
343
353
336
331
354
356
331
335
354
349
331
335
353
344
328
340
356
344
327
341
353
334
332
346
354
334
325
347
351
330
328
350
345
324
330
356
346
323
334
352
339
324
339
349
334
324
341
349
330
323
345
351
326
323
346
344
324
327
348
343
327
334
349
335
320
333
351
336
325
340
347
332
322
343
344
322
324
344
345
325
327
347
342
322
324
346
339
321
336
351
328
316
337
350
330
317
338
346
325
326
346
343
323
324
346
343
325
331
345
334
318
331
349
338
317
332
347
328
318
338
348
328
323
343
344
322
325
349
343
318
325
346
337
318
330
349
331
318
338
352
334
315
338
353
325
320
342
343
321
325
346
346
318
326
348
339
320
331
347
332
316
333
349
329
320
338
347
326
328
346
341
320
324
348
343
318
326
346
340
317
328
347
334
319
337
354
337
324
331
340
326
320
343
349
325
323
345
340
320
325
350
342
316
327
343
337
323
338
349
329
318
338
350
326
319
342
348
325
326
344
341
323
331
350
338
320
331
347
336
322
338
349
327
318
341
351
332
326
344
348
326
327
351
345
322
329
354
343
326
336
352
336
321
338
355
338
317
334
352
337
327
346
350
330
323
346
348
330
334
348
337
322
330
350
344
326
330
349
339
325
342
351
331
323
344
350
328
323
349
347
328
331
355
346
320
331
350
340
323
335
349
336
325
341
350
332
324
341
346
330
328
346
345
322
324
353
359
332
325
342
335
320
333
350
337
319
336
353
330
319
342
356
337
326
336
337
324
329
349
348
325
325
347
342
325
339
351
330
318
339
354
336
327
340
348
331
335
358
345
315
321
354
354
330
328
341
330
323
342
349
337
330
331
343
322
310
341
359
335
323
340
344
312
343
356
422
315
296
298
350
317
342
347
344
302
324
318
303
345
345
329
322
337
338
308
320
324
339
328
302
326
348
321
290
310
346
334
326
324
327
331
330
330
338
328
337
323
320
323
348
353
371
340
305
275
286
319
355
354
318
296
299
336
327
320
326
331
314
332
338
329
323
327
340
322
306
320
347
342
320
323
340
334
316
336
354
327
316
337
352
330
317
342
347
341
326
335
341
331
332
347
345
324
333
356
344
320
335
355
341
322
344
358
331
325
347
350
332
339
354
350
334
334
351
345
327
340
357
352
335
346
352
337
327
348
358
340
336
358
352
330
332
356
354
332
335
358
350
329
342
371
351
322
336
357
348
341
347
345
334
334
355
356
334
332
355
355
341
351
358
341
327
337
357
349
331
346
361
345
329
347
353
334
328
350
356
337
335
360
348
326
331
355
349
332
338
360
350
322
336
357
344
329
349
358
335
329
351
354
330
328
350
361
342
322
343
349
330
333
355
347
330
341
358
352
332
338
352
336
326
346
358
339
328
350
354
330
333
355
351
334
340
354
345
328
340
356
343
328
343
363
350
320
338
353
338
330
349
351
330
333
356
355
335
336
354
341
323
339
357
343
328
352
357
335
326
346
353
333
329
351
352
333
330
354
353
328
330
352
347
329
339
364
340
320
340
357
341
328
347
354
334
330
348
351
331
330
350
348
328
336
354
352
325
332
352
343
327
342
355
340
329
346
353
332
323
346
354
329
327
351
352
334
329
357
348
321
329
350
341
326
339
354
340
328
353
349
326
323
346
353
332
330
351
349
330
332
348
345
325
335
354
347
325
342
353
337
322
341
353
334
328
350
357
331
326
346
348
328
332
353
344
324
334
353
341
323
337
353
339
326
348
351
338
323
339
349
330
330
348
350
330
329
348
345
329
333
352
341
324
340
350
333
321
340
352
334
328
351
352
331
326
346
343
321
326
352
344
319
335
355
346
321
332
350
340
329
342
343
325
322
342
350
330
324
347
350
334
330
346
341
321
329
351
341
320
334
355
341
323
338
353
345
341
335
341
329
328
348
348
325
237
260
322
331
322
343
342
326
337
354
341
327
341
353
340
334
350
357
327
325
349
353
330
335
354
350
327
334
355
347
329
337
359
352
326
336
352
337
328
347
356
335
330
351
352
335
329
350
348
330
333
354
349
327
337
357
344
326
340
357
354
324
337
351
334
330
352
353
332
330
350
350
328
338
361
349
322
337
358
344
328
343
356
340
330
349
357
335
327
356
356
327
328
354
352
328
334
354
347
330
336
359
345
328
338
355
342
326
343
359