328
324
340
343
331
332
345
344
336
332
338
334
328
335
346
339
331
338
345
335
328
341
347
333
330
347
352
324
323
341
342
331
335
347
343
330
338
347
334
322
336
348
336
328
341
348
334
326
340
343
330
332
346
346
331
328
344
342
328
334
346
339
334
341
346
333
325
340
348
336
328
340
347
335
333
338
340
329
333
345
340
329
337
353
341
329
336
345
334
327
341
353
333
326
339
344
331
333
345
339
330
339
344
337
328
340
348
337
327
340
350
334
324
339
347
335
331
344
344
343
333
337
336
326
332
345
339
330
338
351
338
326
336
352
338
326
338
350
340
331
336
342
330
332
344
342
330
335
351
346
327
328
341
336
328
339
347
336
329
341
345
338
330
340
344
332
332
349
348
323
329
345
339
330
337
348
343
336
335
341
334
328
342
346
334
332
346
348
333
330
343
342
330
336
347
341
334
337
345
336
329
337
346
336
329
343
355
335
326
342
344
334
334
346
344
330
336
350
342
329
338
351
340
327
339
348
338
330
343
348
334
333
348
344
329
332
348
346
328
333
349
342
330
340
347
335
329
341
349
336
332
344
345
334
331
346
345
332
334
343
342
332
336
348
341
329
338
350
341
329
335
345
341
332
339
342
333
334
347
347
337
335
343
339
327
335
346
339
330
335
348
339
329
342
353
341
326
337
346
334
330
344
346
331
331
346
345
334
339
347
340
330
338
348
339
329
339
350
338
330
343
346
332
333
346
346
334
340
349
339
327
336
351
342
330
338
345
337
330
341
349
339
332
340
347
339
331
340
343
333
336
346
342
332
337
346
340
330
335
344
338
330
344
348
331
327
344
348
332
334
348
341
332
331
344
341
331
335
346
336
325
336
351
341
326
337
350
341
329
337
353
338
328
342
347
341
379
432
411
330
280
336
417
416
363
357
505
609
403
301
469
540
430
429
319
153
235
402
351
295
199
273
276
366
439
367
205
223
250
238
275
351
362
259
236
251
307
283
276
276
281
283
284
299
290
272
279
294
294
289
296
302
298
299
330
316
273
269
304
310
297
298
309
319
309
296
315
323
302
311
330
349
331
336
332
335
329
349
342
340
340
368
351
332
339
363
362
353
363
382
375
348
351
380
370
351
359
375
370
360
371
376
360
358
373
379
366
360
367
369
357
369
374
374
349
362
376
365
364
362
364
360
354
364
374
357
350
362
369
360
356
367
360
348
353
376
364
348
354
364
354
344
359
367
353
345
359
363
351
346
356
361
354
338
346
352
343
344
358
356
338
345
355
347
334
344
362
350
336
339
349
338
337
348
351
336
335
346
345
333
338
353
353
331
330
342
336
329
339
350
340
334
352
344
327
322
340
346
333
332
344
346
337
328
338
337
324
330
343
338
328
337
348
342
323
332
338
329
326
338
346
332
329
340
339
327
328
344
338
324
333
347
340
324
327
340
334
326
336
345
333
329
336
336
327
334
340
335
326
331
347
342
325
324
338
338
329
333
345
336
326
338
345
329
322
337
340
328
327
341
347
331
324
338
338
329
330
341
335
326
338
349
330
318
330
341
333
328
341
345
324
322
339
340
326
333
346
337
325
334
346
330
320
333
346
335
331
339
345
330
320
333
342
331
329
342
343
334
340
338
328
321
333
345
336
331
338
342
328
320
334
345
334
328
340
351
333
320
331
337
327
330
343
339
328
344
344
327
320
332
344
336
326
340
348
332
323
336
340
327
326
340
341
333
333
340
334
322
332
344
336
326
335
350
340
320
333
341
328
323
339
343
330
333
346
337
324
333
342
335
325
334
345
338
328
333
342
339
326
332
341
332
328
340
347
340
328
330
333
328
332
342
340
328
333
344
336
326
337
345
334
332
342
340
325
324
339
343
331
334
349
337
323
328
344
340
329
338
353
340
320
332
346
336
327
339
350
336
329
337
338
329
330
344
344
335
334
336
332
324
332
346
338
327
339
348
335
325
334
342
332
329
344
353
325
322
338
343
328
332
345
342
331
340
342
331
323
334
345
335
327
343
348
332
325
342
345
329
328
342
342
332
335
344
338
325
334
344
338
328
340
344
331
326
338
345
336
331
343
351
328
326
340
339
328
334
350
344
326
332
344
338
332
336
349
339
324
335
346
336
331
342
347
336
332
337
340
332
335
346
345
335
332
338
334
328
339
349
341
333
341
345
332
327
338
345
335
334
349
347
335
330
340
341
332
336
349
344
336
336
344
336
330
341
349
338
338
347
343
333
329
341
344
332
336
347
348
334
336