330
336
352
339
327
341
352
343
333
340
346
334
330
340
343
335
337
346
341
332
337
348
344
330
336
349
339
329
343
346
332
333
345
346
334
335
366
367
347
343
360
361
350
350
367
357
346
351
364
357
348
356
362
353
344
354
362
348
343
361
361
350
341
360
358
355
353
380
370
357
355
384
372
349
355
376
370
349
352
365
363
344
360
356
357
341
367
360
348
332
356
353
351
344
363
354
336
343
359
357
336
344
348
347
334
351
349
348
328
345
344
338
326
352
343
336
330
352
350
331
333
346
345
338
344
344
338
321
348
341
341
320
345
343
333
324
347
344
335
332
342
339
330
336
351
339
322
327
334
334
318
342
344
338
315
336
330
322
309
336
331
311
306
340
331
303
310
340
336
301
306
325
326
310
318
326
320
311
333
333
318
312
334
330
317
320
337
329
315
333
336
321
314
332
342
328
317
329
337
323
315
334
335
338
324
335
326
319
324
338
335
322
325
338
336
322
341
344
334
319
338
345
343
314
334
339
327
316
337
337
318
321
335
334
313
318
340
340
325
330
333
324
313
328
334
324
317
331
331
321
318
336
335
323
334
340
325
310
321
334
328
317
332
336
321
318
333
341
331
330
338
345
328
326
338
344
322
322
337
332
321
324
335
336
321
331
346
336
323
330
340
328
328
333
333
329
332
348
347
330
334
350
343
330
336
338
332
328
340
344
333
326
336
345
339
334
340
340
334
340
354
349
336
336
343
340
334
338
353
337
327
334
346
341
332
338
349
342
339
346
348
345
338
344
342
330
336
347
345
336
338
345
338
337
345
357
338
330
339
350
337
333
340
348
337
331
347
351
329
334
348
345
334
338
351
343
332
336
354
342
332
344
349
337
334
344
344
333
337
348
346
340
339
340
338
330
336
345
341
333
341
356
340
327
339
349
342
332
344
349
334
333
346
348
332
333
348
345
336
352
347
332
328
341
351
346
331
345
363
340
331
342
348
341
334
340
346
336
335
344
342
336
336
349
341
336
336
345
343
337
338
346
337
338
346
346
335
340
350
343
333
347
357
348
326
323
341
358
366
361
347
332
348
360
339
334
378
393
318
306
332
411
374
317
327
334
353
343
360
359
330
316
351
427
336
279
320
354
344
333
333
338
331
334
345
337
331
327
335
341
330
327
360
341
316
334
343
331
331
338
332
331
318
333
348
334
333
359
345
320
322
338
339
327
330
342
345
328
336
354
344
328
341
346
340
330
336
348
336
333
350
344
331
335
346
352
337
336
379
354
325
332
347
454
392
324
325
328
335
343
335
329
326
358
352
323
336
340
342
331
326
355
340
323
331
340
340
329
342
346
330
321
332
345
331
332
346
343
332
326
364
367
328
327
338
354
331
339
356
332
316
324
349
337
332
338
332
339
331
348
344
320
322
345
353
331
336
340
338
331
351
372
336
289
320
380
354
320
321
347
340
323
324
337
349
337
349
332
335
338
341
322
330
344
342
337
318
335
340
325
314
359
375
336
314
332
343
329
327
334
349
333
336
349
342
310
332
350
332
303
330
368
338
319
329
352
334
334
334
337
328
354
348
321
309
338
358
341
310
333
369
343
304
329
361
338
334
336
336
327
352
339
331
323
333
342
345
341
330
324
350
353
333
330
333
317
352
396
339
299
323
356
339
330
340
363
335
323
333
350
332
325
334
348
338
335
328
341
328
343
358
330
300
344
385
342
299
329
363
341
321
336
365
344
322
328
348
334
332
337
351
338
354
350
322
304
357
377
332
306
338
354
340
342
342
332
326
348
351
332
326
348
348
330
319
354
354
335
311
354
364
329
308
354
364
340
336
346
342
329
342
347
336
336
348
346
332
321
350
352
347
327
343
348
337
320
353
353
332
327
345
340
332
346
352
326
324
346
353
329
320
340
343
344
328
333
333
352
340
343
340
329
313
359
361
325
313
355
358
337
327
345
347
332
328
338
350
336
328
334
348
336
349
342
314
311
377
370
314
304
351
355
333
327
344
342
333
338
350
341
329
330
332
346
338
341
336
327
322
374
368
304
301
365
370
324
313
348
349
334
325
354
346
326
327
344
352
343
331
333
343
344
352
339
310
314
376
367
320
317
352
348
330
324
351
346
338
342
354
333
324
331
343
347
337
336
338
326
323
374
355
303
314
359
349
325
328
356
346
334
330
349
337
339
339
342
339
332
330
334
332
334
359
341
301
318
388
355
314
321
350
335
332
337
340
329
336
343
346
334
339
344
339
329
339
366
346
309
321