339
330
342
347
338
324
331
347
344
333
338
340
335
331
340
345
334
331
340
344
334
333
344
344
329
331
344
344
330
335
345
339
331
338
351
338
329
340
348
333
332
343
344
334
338
346
341
328
332
348
342
330
339
344
336
330
342
348
336
327
338
350
336
331
342
342
334
334
343
338
327
336
344
341
330
338
343
339
329
336
347
336
332
341
346
339
335
342
342
333
333
345
338
330
336
345
344
333
339
344
338
330
340
346
340
330
338
344
336
339
345
345
331
332
343
342
337
345
343
334
327
341
348
340
328
340
347
338
334
339
342
333
336
348
346
332
331
343
341
332
337
349
343
332
338
353
336
323
336
346
338
338
342
340
333
333
341
343
337
336
349
345
331
327
341
341
334
336
345
339
336
344
347
333
324
341
344
333
334
345
345
333
341
342
341
334
336
342
337
330
340
349
340
332
337
344
341
333
342
345
334
330
346
358
330
322
340
342
332
338
349
338
330
341
346
338
328
338
356
339
324
335
343
338
334
345
341
332
337
346
342
333
345
344
335
327
336
350
343
330
336
349
338
331
342
350
336
334
337
341
332
335
348
342
330
334
344
342
335
336
341
340
331
334
344
338
330
340
345
334
336
344
343
329
332
349
341
326
332
344
343
331
335
346
341
333
339
344
333
330
342
344
339
333
338
342
333
332
341
347
335
341
342
337
331
344
350
336
326
334
347
340
334
345
352
336
330
339
343
335
334
347
342
330
335
349
347
331
334
349
348
328
332
344
337
330
342
353
335
324
338
343
332
334
347
347
330
326
338
339
331
338
347
340
324
331
344
335
328
339
351
337
324
335
344
335
332
346
341
326
332
345
344
329
334
342
336
332
336
342
338
331
336
344
336
333
342
346
332
334
343
338
330
335
345
341
332
336
344
339
329
338
346
339
333
339
341
335
331
347
345
421
387
338
324
324
335
347
342
327
330
343
341
333
331
340
338
330
335
342
336
333
348
345
324
329
345
343
331
337
344
336
329
337
344
338
329
334
344
340
332
338
340
326
332
342
342
330
334
340
340
331
333
343
342
328
329
342
338
330
336
342
337
334
340
341
318
319
336
335
320
318
330
341
325
318
322
334
322
323
329
331
306
317
329
319
325
327
330
323
315
330
322
299
308
325
340
340
333
356
348
341
285
306
339
334
346
331
293
321
358
350
335
317
330
351
356
361
347
342
349
334
334
352
361
343
338
343
349
354
358
340
335
352
372
351
329
339
351
348
356
364
337
324
341
359
350
341
339
340
342
339
354
350
338
328
341
356
352
336
330
336
334
342
356
346
327
328
344
344
340
341
342
338
334
338
346
342
333
339
343
355
332
326
340
342
331
336
342
342
330
338
338
331
336
342
338
328
334
343
342
343
345
329
321
328
342
345
336
331
342
342
339
331
335
335
333
329
339
359
328
321
335
332
325
335
345
344
335
327
330
335
332
335
334
328
333
344
340
334
340
345
330
319
329
344
341
330
332
336
331
331
338
338
329
329
340
340
337
341
341
326
319
333
349
337
337
338
335
328
327
341
344
330
328
343
350
345
332
340
331
324
331
349
346
329
333
342
336
330
346
349
334
326
337
346
330
329
346
344
330
328
345
346
332
330
343
341
335
340
346
333
326
338
347
339
329
339
352
330
322
340
346
334
335
352
348
328
327
344
344
334
338
353
355
340
331
336
334
330
342
349
339
335
349
346
328
331
345
344
332
333
352
351
330
329
345
340
332
336
348
342
335
337
341
337
334
344
345
334
333
345
362
339
324
332
336
331
339
349
350
332
331
348
341
331
335
344
334
331
342
348
338
331
337
340
336
345
343
333
325
336
348
342
330
336
353
340
331
338
348
347
338
332
337
332
334
348
349
333
331
345
344
334
336
346
343
338
344
344
337
329
342
350
342
338
351
344
330
338
349
350
337
340
354
347
335
343
354
342
329
337
346
340
333
353
352
330
334
356
350
330
338
354
353
331
336
348
359
344
326
339
342
328
334
347
340
336
351
346
328
327
342
350
345
333
336
338
331
338
350
348
340
336
339
339
329
338
348
339
330
342
354
337
328
342
348
336
335
346
347
343
350
338
332
324
338
348
342
332
343
348
339
339
357
340
328
332
349
347
332
332
347
347
339
336
346
343
328
338
348
338
330
340
350
338
330
340
349
341
341
347
346
334
324
341
349
337
333
336
341
337
340
349
342
327
336
350
344
334
338
349
341
331
344
347
334
335
350
350
329
328
344
350
352
367
391
377
350