348
343
333
339
348
342
332
339
347
336
330
345
350
336
333
347
346
334
335
346
344
330
336
347
340
329
340
350
340
331
339
348
340
333
343
347
335
334
349
348
334
335
348
347
334
339
350
343
334
340
350
342
333
336
347
341
335
345
348
335
334
347
347
332
337
348
342
332
337
349
344
334
342
349
339
330
343
351
337
331
344
351
339
333
346
347
337
335
346
346
335
338
348
341
333
340
349
340
330
340
350
336
332
344
348
336
334
345
345
333
336
347
343
329
336
346
342
330
336
346
339
331
340
347
337
328
340
348
335
330
343
343
330
333
344
342
326
333
347
338
325
336
344
336
327
340
347
336
329
339
342
333
332
343
343
331
333
342
339
330
336
343
335
326
339
348
336
327
341
348
336
327
337
342
330
331
342
339
327
330
343
339
327
277
277
310
324
338
348
335
327
338
343
334
330
342
346
333
329
344
342
332
335
342
337
329
338
346
338
327
336
347
338
325
337
343
332
333
344
339
327
334
346
338
326
337
342
332
328
340
346
330
322
338
343
330
328
340
338
328
331
342
340
325
330
342
341
328
328
339
338
328
334
343
337
325
335
339
329
325
338
344
331
326
338
341
329
330
342
340
327
330
341
338
329
336
343
334
327
337
344
336
326
335
343
336
330
341
342
331
332
342
340
328
332
344
341
327
335
344
334
330
342
343
330
330
341
341
332
332
341
338
330
329
343
339
330
338
345
336
327
338
344
336
328
338
345
335
331
339
342
332
333
344
345
334
334
342
337
332
337
346
338
330
338
346
336
332
340
342
336
331
342
348
335
332
342
344
336
336
349
341
330
338
345
338
334
341
348
340
330
341
350
337
331
344
347
337
332
345
348
336
337
347
344
331
338
346
338
328
341
348
336
333
344
347
338
332
344
346
335
334
346
346
333
336
348
341
332
339
347
340
333
339
347
340
333
343
349
336
333
346
348
335
332
347
349
335
337
347
342
332
341
348
338
332
342
347
338
334
344
346
338
334
349
348
333
334
348
348
334
338
348
344
335
341
349
342
332
340
347
341
334
346
349
338
338
346
346
333
338
349
346
336
340
349
345
334
339
353
343
331
343
354
343
331
341
350
336
335
345
348
337
337
345
343
334
337
348
342
335
340
347
339
330
340
350
342
332
344
347
336
334
346
346
336
336
343
342
332
338
348
343
332
338
349
341
331
341
347
339
331
342
347
336
333
345
347
334
334
347
344
332
337
349
344
332
339
345
341
334
341
347
336
332
345
348
338
332
341
343
336
336
344
342
333
338
349
341
329
338
348
338
332
341
346
335
330
343
347
336
333
343
346
336
336
344
340
331
339
350
340
331
340
352
341
332
339
347
339
335
342
348
337
337
346
344
332
336
349
347
333
332
347
344
333
342
348
335
330
346
350
338
333
345
349
335
332
346
346
334
336
349
344
331
337
351
344
332
341
350
340
331
341
350
337
330
344
347
336
334
346
348
337
336
346
344
332
337
354
360
353
355
367
362
377
394
369
344
357
372
451
486
477
370
371
492
504
332
285
334
379
374
302
408
402
311
384
343
394
406
227
210
281
327
318
233
312
325
353
294
261
300
357
337
260
238
262
307
320
294
280
297
309
297
289
304
313
316
319
310
301
306
313
318
334
314
304
315
307
311
304
301
309
304
310
322
311
309
329
320
324
333
323
318
316
325
336
336
319
322
338
337
325
329
336
326
323
329
332
324
320
334
334
323
324
334
332
324
327
340
337
322
328
340
335
324
337
344
331
325
341
340
336
328
341
342
332
332
343
344
332
338
347
340
332
342
349
338
329
340
351
340
332
346
350
336
336
349
352
337
338
349
348
337
335
354
351
339
343
351
342
337
345
352
340
333
345
351
340
338
349
349
337
338
349
346
337
342
350
345
337
346
349
339
338
345
349
341
336
348
350
339
342
351
350
336
338
349
346
335
342
347
348
341
344
348
340
334
343
351
340
339
347
349
340
338
347
349
336
336
350
346
335
336
347
343
331
339
349
341
330
342
350
338
333
345
347
335
332
345
347
334
331
347
347
335
338
347
342
333
338
350
342
331
340
348
338
333
341
342
338
337
347
346
334
335
345
342
334
336
351
343
331
338
351
340
331
343
346
337
337
345
346
333
330
344
347
337
332
347
346
333
337
345
337
330
340
346
339
333
341
347
337
331
340
346
331
334
346
344
330
332
343
341
338
338
344
336
332
341
347
336
328
341
347
336
336
344
344
333
335
341
343
333
335
344
339
330