361
332
347
370
350
332
349
366
346
327
351
368
342
330
358
367
339
333
361
361
339
334
358
356
329
339
366
351
327
345
367
347
330
347
365
345
329
352
362
336
331
358
360
332
334
359
355
326
336
361
353
324
338
364
351
327
344
365
344
326
352
362
335
329
355
360
331
329
359
356
327
337
366
350
320
338
362
347
323
344
366
343
326
351
364
337
336
363
359
328
330
363
358
327
334
363
353
332
343
365
348
323
343
368
342
321
346
366
335
325
356
365
336
330
360
358
331
331
361
354
323
335
364
356
332
340
360
346
331
350
363
342
325
347
361
336
331
359
360
329
330
361
357
330
338
365
350
327
340
364
348
324
344
362
343
326
351
366
340
326
357
364
331
330
360
355
329
334
361
352
328
340
362
348
326
342
363
345
328
348
359
333
324
352
360
332
330
358
356
324
328
361
353
325
336
363
346
319
338
359
338
322
342
355
334
321
343
355
329
324
352
354
320
324
356
344
316
326
355
339
314
334
355
334
315
335
350
327
316
343
354
322
314
341
349
319
318
348
344
314
320
349
343
314
329
354
335
312
327
349
326
311
338
350
320
310
342
344
319
320
342
336
309
316
344
337
308
320
345
330
308
324
343
324
306
328
342
317
310
334
336
312
311
340
338
308
310
341
336
306
315
341
328
305
320
342
324
306
327
342
321
302
331
344
313
314
337
336
312
314
338
333
311
320
343
331
301
320
345
326
307
329
345
320
307
331
344
318
307
338
342
311
311
344
340
310
312
345
334
304
318
347
328
305
329
345
316
304
334
344
314
308
340
345
311
308
341
343
311
314
337
338
316
322
340
328
309
332
347
325
305
332
346
320
306
337
349
322
311
336
342
317
318
342
337
312
318
346
334
310
328
350
332
310
327
345
323
314
342
344
317
313
341
340
314
317
345
342
316
321
343
334
312
325
345
329
312
330
350
325
310
338
352
321
312
341
344
316
319
345
341
312
322
350
337
313
328
348
331
310
332
352
327
312
333
351
326
316
340
344
322
321
345
339
316
323
348
342
316
327
347
336
312
336
347
329
314
331
350
332
317
340
344
318
316
346
346
322
326
347
337
313
327
350
336
316
335
353
330
312
333
354
325
320
346
348
319
318
348
350
321
320
350
345
317
324
361
354
316
329
389
409
339
403
457
315
281
329
394
345
306
351
376
310
286
347
361
325
336
353
340
341
326
330
339
339
359
340
298
299
343
360
323
311
338
350
334
314
340
339
323
323
340
335
314
324
349
331
308
332
352
324
304
330
349
320
307
338
349
317
314
348
334
319
326
350
346
310
325
351
340
319
336
345
334
316
340
360
336
319
345
354
330
325
348
352
325
326
356
352
323
331
357
348
323
338
357
340
318
340
360
336
326
349
354
326
325
349
353
322
322
351
355
325
324
354
343
324
337
360
345
320
341
361
335
322
344
355
330
328
352
352
323
324
354
350
322
326
357
350
321
337
355
341
318
335
358
336
319
346
359
330
318
348
357
323
319
354
358
321
320
351
346
320
329
355
350
321
333
354
337
320
341
356
331
321
347
356
330
321
349
353
326
322
352
347
319
328
355
343
318
329
354
341
319
335
352
334
319
344
356
326
316
347
352
322
320
352
347
313
320
349
340
315
329
352
335
318
332
354
330
312
337
354
332
317
342
356
324
321
345
345
320
324
353
345
317
331
352
338
318
334
352
333
318
340
362
328
316
342
352
325
320
350
349
321
325
351
343
318
329
355
340
320
337
355
334
316
337
354
330
319
343
349
322
318
346
350
323
325
352
353
316
326
350
341
318
331
353
338
318
336
355
334
316
339
352
327
320
349
354
325
318
347
348
322
327
355
348
318
330
358
340
316
337
358
337
315
347
360
327
318
348
356
328
322
352
354
322
328
358
348
322
332
357
345
330
337
349
332
321
344
357
332
321
349
361
333
318
347
354
328
329
357
352
328
336
361
346
324
339
362
344
326
353
363
344
324
348
360
336
328
357
359
337
333
356
354
330
337
362
353
328
346
375
347
321
344
366
346
329
351
364
342
333
360
367
340
337
361
359
335
344
370
358
334
344
368
354
333
350
371
352
340
357
365
340
335
361
367
342
338
367
371
336
340
365
360
337
346
369
357
341
348
366
349
334
355
370
346
334
364
375
342
333
360
363
338
339
366
362
336
345
362
354
336
349
367
349
331
349
367
351
333
350
361
337
330
356
358
330
333
366
355
326
333
359
350
326
340
363
343
328
347
358
336
321
346
360