330
320
348
354
328
324
350
348
326
330
354
349
322
332
354
340
322
340
355
335
325
346
357
333
323
346
355
332
328
352
351
326
330
354
345
323
336
358
342
323
339
356
337
324
342
354
332
323
347
359
331
320
346
349
324
326
351
342
318
333
354
339
320
337
353
334
319
343
362
329
315
341
352
330
325
344
346
324
325
348
340
316
329
351
341
318
333
352
332
316
340
352
327
320
342
350
325
321
344
347
326
324
348
342
322
335
355
339
316
330
353
339
319
333
352
333
318
338
350
329
322
343
344
324
327
349
344
322
328
350
340
315
332
354
341
318
329
349
334
321
341
348
325
320
344
348
324
322
348
343
320
326
350
342
319
334
356
339
320
333
351
336
322
340
354
333
323
341
349
328
327
348
346
329
325
348
342
322
328
351
340
321
337
354
336
318
339
352
332
322
349
353
327
322
348
351
326
330
354
349
324
332
356
344
322
337
362
344
317
340
360
339
326
344
350
333
328
350
352
327
328
354
351
327
329
354
350
324
331
354
344
325
342
359
335
325
348
358
334
325
348
354
329
327
351
352
328
328
352
349
326
332
353
342
326
337
354
336
324
343
355
334
325
351
352
329
326
353
352
326
329
356
348
322
333
358
348
324
339
357
337
323
342
356
337
325
348
353
331
328
352
353
325
328
355
354
325
331
355
345
325
342
361
340
322
338
356
338
324
347
355
328
329
355
354
330
327
352
350
327
332
356
347
324
337
360
344
324
338
358
342
323
343
353
334
329
354
356
336
329
350
353
330
331
355
348
328
332
356
346
327
338
354
339
326
351
375
341
317
341
359
351
341
344
343
323
332
362
352
326
335
370
386
374
346
330
324
358
381
361
326
336
426
426
270
250
389
405
311
313
391
327
244
299
332
322
309
333
345
317
312
324
342
333
296
325
347
314
290
326
363
347
292
311
342
306
295
326
326
312
322
333
324
316
331
339
321
307
323
336
318
312
338
339
317
318
345
340
314
320
343
343
317
318
350
345
324
334
355
343
321
344
360
335
324
349
361
339
329
354
359
334
332
360
354
331
340
364
353
330
343
364
351
332
348
365
339
326
353
360
338
333
357
358
332
336
362
361
336
334
358
351
331
346
362
349
331
345
360
344
332
353
362
337
329
360
362
332
330
356
356
332
339
360
353
329
342
364
349
332
350
368
341
325
349
362
338
329
353
358
335
335
358
357
332
335
358
355
334
342
360
346
326
341
360
344
328
347
361
338
329
355
362
336
330
354
357
330
333
366
361
326
332
355
349
329
343
360
344
328
346
358
338
326
348
359
334
333
358
354
326
327
354
352
328
332
356
348
326
335
357
346
323
339
357
338
325
345
356
336
330
349
350
329
332
353
349
325
332
356
347
322
333
355
342
322
335
354
338
329
350
355
332
324
348
354
328
330
354
353
329
328
352
348
325
334
351
341
330
344
358
338
324
340
353
334
324
350
355
331
323
348
352
328
329
352
342
324
335
355
343
324
337
354
341
322
336
348
331
323
344
354
330
323
346
352
326
323
351
351
327
331
354
344
323
337
355
340
321
338
357
335
323
346
355
333
325
346
349
328
330
351
348
324
326
351
344
323
338
350
337
325
342
355
336
322
345
357
330
323
349
351
328
325
349
350
324
325
350
346
326
332
352
342
324
339
348
333
320
346
356
333
321
341
348
328
327
348
348
324
326
355
348
320
328
354
343
321
333
354
338
325
340
353
333
321
342
353
330
324
350
352
326
326
353
350
321
327
350
346
322
333
355
340
323
339
355
336
320
342
355
330
323
346
351
327
325
352
349
322
327
352
346
320
331
350
336
319
337
353
335
318
336
352
332
319
343
350
326
322
345
350
322
324
349
344
322
331
350
340
322
337
353
336
320
339
353
339
325
342
350
328
324
350
349
326
328
350
347
323
329
353
343
321
337
359
336
319
338
354
334
324
336
351
334
324
345
349
324
324
350
350
323
327
352
344
323
332
353
340
320
335
355
336
322
343
351
328
322
345
350
327
327
346
352
326
327
350
344
324
335
351
342
324
336
351
335
322
342
354
331
323
346
351
329
326
355
354
328
330
364
370
353
359
384
373
353
363
382
369
354
371
383
366
352
376
381
360
351
375
381
359
354
383
371
352
354
382
366
351
354
378
353
340
363
383
359
341
354
350
331
320
360
353
349
328
368
352
348
329
370
345
347
343
377
340
328
337
366
340
325
359
367
336
314
346
343
334
316
355
337
339
325
378
342
334
324
363
330