343
340
334
331
342
342
335
339
344
336
334
341
339
336
337
342
337
333
336
342
341
336
338
344
340
332
339
344
336
331
341
349
340
335
338
340
334
338
346
343
330
334
344
343
339
340
341
335
332
341
344
340
335
337
343
340
334
338
344
335
332
340
343
333
335
345
342
333
334
344
342
334
337
346
338
331
339
344
338
333
340
341
336
334
340
342
331
334
345
340
333
339
344
337
332
337
343
338
332
339
344
339
331
337
342
338
334
340
344
339
332
338
342
338
337
341
340
336
342
344
334
330
339
344
340
337
343
344
335
333
341
342
336
333
344
344
338
337
341
339
334
338
341
341
337
341
342
336
337
338
338
338
338
346
348
335
334
342
342
337
335
341
342
336
338
341
336
338
339
343
339
336
341
340
335
336
344
342
331
337
345
340
334
338
346
342
336
339
342
340
335
342
346
336
332
337
343
336
334
345
343
336
338
343
340
333
336
343
343
336
339
340
339
336
344
341
336
339
343
342
338
339
343
340
331
340
343
341
335
341
344
335
334
340
342
336
336
343
344
334
333
344
342
335
340
348
345
332
336
343
340
335
338
345
340
329
338
343
334
328
337
342
332
325
337
338
332
340
346
340
334
338
343
340
337
342
345
336
333
346
346
337
333
344
338
334
335
339
343
337
339
346
340
335
341
347
335
328
338
343
336
336
345
341
332
331
343
337
334
332
345
338
336
330
337
331
331
334
338
331
337
337
340
334
330
332
337
335
330
336
338
331
326
337
332
330
332
340
336
331
329
341
333
326
337
341
335
331
340
337
329
340
346
333
328
330
344
339
333
327
344
339
332
332
340
333
327
332
340
328
326
337
341
336
333
340
336
326
331
346
334
328
332
345
335
330
327
339
334
330
336
349
340
332
339
336
332
335
342
338
335
336
346
337
336
333
343
335
332
344
354
336
330
334
338
334
334
338
338
337
341
346
340
328
325
340
337
332
334
339
333
329
336
345
340
333
338
342
333
327
333
340
336
328
337
340
336
333
341
338
335
332
348
352
338
328
336
338
336
329
339
343
337
337
332
336
339
336
328
331
332
341
334
331
336
350
347
343
346
346
341
339
343
346
340
340
350
351
343
343
347
348
349
353
350
374
366
394
357
322
379
372
349
326
341
359
272
304
335
392
362
306
359
312
330
337
356
352
322
312
313
367
372
311
315
345
352
331
318
330
340
350
330
336
340
343
344
332
327
333
340
338
337
333
333
335
334
330
339
338
327
337
338
334
339
339
338
320
331
340
341
334
331
335
339
327
335
340
328
328
338
338
327
326
339
342
334
325
333
339
332
329
336
337
330
330
335
333
330
333
340
335
328
332
330
330
332
338
340
328
327
340
342
332
326
334
336
331
332
337
335
332
334
337
332
332
337
336
331
333
339
338
330
330
337
337
331
331
338
336
331
332
338
334
322
334
348
337
326
331
337
332
328
335
337
328
329
342
341
330
329
336
337
332
333
344
342
330
323
334
340
336
336
339
333
333
338
332
327
338
346
341
331
330
337
334
332
339
339
334
330
337
342
335
333
341
341
335
331
338
340
335
332
338
343
333
337
344
339
330
333
341
342
333
338
341
340
333
340
340
336
333
339
341
336
334
341
343
335
331
340
342
334
339
342
340
336
338
343
339
330
335
343
339
339
342
344
336
333
340
339
332
332
342
343
339
336
341
337
336
340
341
334
332
339
340
337
337
341
342
334
335
342
338
336
332
338
338
335
338
342
340
336
339
342
338
333
338
346
341
336
342
348
343
343
351
350
340
334
343
342
335
341
347
343
339
345
355
348
335
341
341
337
340
346
347
338
337
349
346
336
338
347
346
338
337
342
343
340
343
344
339
334
338
349
339
338
346
345
338
339
343
340
338
339
342
341
338
340
341
338
336
341
344
337
336
345
344
333
332
342
344
335
337
344
342
336
337
344
343
336
340
347
338
333
339
343
338
334
341
341
333
334
342
342
335
336
346
344
334
334
340
340
334
339
346
338
328
338
344
340
336
341
341
335
336
341
340
334
335
344
342
332
335
345
342
333
337
343
337
333
338
343
337
334
337
340
334
328
340
345
337
336
338
337
331
334
337
338
334
337
342
335
331
339
339
334
331
340
342
336
333
339
341
336
332
338
344
333
335
342
338
332
337
342
336
330
336
344
338
335
340
340
334
336
343
333
331
343
347
337
330
334
341
337
330
336
346
336
332
340
344
336
334
340
338
336
337
340
338
330
333
339
338
339
340
342
335
330