353
339
330
343
354
336
330
351
353
333
332
352
350
328
333
354
346
327
339
357
344
329
342
354
339
332
347
354
336
334
354
358
335
332
354
352
333
341
358
350
331
340
358
348
335
348
360
345
333
346
360
339
331
352
359
338
335
358
354
334
337
358
353
332
339
360
351
333
342
360
346
332
350
361
346
331
349
358
340
336
353
355
336
340
358
350
332
341
360
351
332
342
358
346
332
348
360
343
333
351
355
335
334
352
355
334
335
356
352
334
341
356
346
329
342
360
343
330
345
356
339
331
349
356
338
333
349
352
334
334
352
348
330
337
354
347
328
338
353
340
326
343
356
339
327
346
355
334
327
346
350
333
335
352
347
328
332
352
349
329
335
350
343
326
338
354
339
329
346
352
332
328
347
349
332
332
351
348
330
333
349
346
329
335
351
342
330
342
354
338
327
344
354
335
326
347
352
334
332
351
350
332
336
351
344
330
341
356
344
328
341
354
343
328
341
351
336
328
346
352
334
332
350
350
331
334
351
343
326
334
352
344
326
338
354
338
323
342
354
332
324
346
351
332
331
350
352
330
328
349
346
330
334
351
344
328
340
354
338
326
341
354
334
324
344
351
334
329
349
349
328
330
352
346
328
332
350
340
328
339
353
339
326
342
354
338
326
344
350
334
330
350
350
330
332
348
348
328
336
354
342
327
337
352
339
328
341
354
336
328
345
354
333
328
348
352
334
331
350
348
329
334
352
346
329
337
355
342
326
340
351
335
327
344
352
334
330
348
352
331
330
353
347
325
334
353
347
328
339
358
344
327
342
356
339
327
343
353
336
329
348
351
331
331
350
348
334
336
353
344
328
337
353
342
328
340
353
341
326
344
356
338
329
350
355
333
332
350
353
332
334
354
348
328
339
356
345
328
341
359
345
331
346
355
339
331
348
356
339
330
350
351
333
336
356
351
330
331
357
349
329
341
354
340
328
344
356
336
326
345
354
334
329
345
350
332
330
346
344
326
334
352
339
323
336
352
337
326
342
350
332
325
345
350
328
324
346
343
326
328
348
343
325
332
349
340
322
332
348
335
320
338
345
332
325
339
348
326
323
342
341
323
332
358
343
316
334
370
369
335
354
437
473
383
268
276
352
388
325
267
288
311
331
344
323
315
321
306
273
298
336
332
306
306
338
335
295
318
332
294
297
318
313
296
302
324
315
292
300
321
318
298
300
323
316
297
300
319
314
302
318
326
303
294
312
328
314
300
316
322
308
312
330
327
306
312
333
329
312
320
334
326
312
326
337
323
310
329
341
321
314
328
339
330
326
349
355
334
336
359
353
328
336
353
347
333
343
357
341
329
345
354
341
334
351
352
331
331
352
356
336
333
349
350
336
341
359
347
330
341
358
345
330
346
360
339
328
350
352
335
332
347
348
331
334
354
346
330
334
353
341
325
336
354
341
323
340
352
334
324
345
349
326
326
351
347
327
324
345
340
325
331
348
336
319
328
348
340
324
335
346
330
318
339
344
328
325
343
343
325
326
348
344
318
325
348
339
322
331
352
334
321
334
347
332
321
338
345
328
322
340
343
323
325
347
344
326
329
345
340
322
328
344
330
315
330
344
330
325
332
336
322
322
342
342
321
321
337
341
321
327
342
333
316
328
348
334
320
329
348
338
324
338
346
332
326
348
350
331
330
344
345
328
332
349
345
331
341
355
341
322
339
354
342
327
344
355
336
332
350
349
333
330
348
347
328
333
355
346
327
332
350
344
328
336
352
338
326
343
352
333
326
343
348
328
327
344
345
325
328
348
342
323
332
348
336
325
336
350
337
321
337
351
332
322
341
347
327
326
346
348
330
330
348
343
325
335
352
341
325
337
353
336
322
339
354
337
327
344
346
329
330
351
350
327
328
348
346
331
335
351
342
324
334
350
337
323
341
352
336
326
346
354
332
325
349
348
329
329
351
349
331
335
352
344
326
338
358
345
330
341
354
342
333
349
355
337
332
351
356
335
334
352
351
336
340
356
347
330
339
355
347
332
341
354
342
332
348
355
336
330
348
352
335
330
347
350
332
334
353
347
330
338
349
338
328
342
354
338
327
343
351
330
324
346
351
330
326
349
346
325
333
353
344
324
334
353
345
326
337
348
337
328
345
352
334
328
343
349
333
331
350
349
330
333
349
344
327
337
352
341
325
339
353
338
325
343
353
334
326
346
354
333
329
351
350
333
332
350
348
335
337
351
341
331
342
352
338
331
345
353
336
329
349
354
336
335
356
352