337
337
347
347
341
378
396
373
346
357
369
345
402
348
286
325
341
420
409
312
290
336
360
360
368
369
368
328
332
360
394
355
337
360
340
322
327
380
326
303
343
366
368
340
329
356
335
323
352
345
329
345
347
339
340
348
338
318
328
347
351
332
342
347
331
320
326
330
335
335
335
342
336
328
335
342
336
329
328
335
331
330
329
337
333
328
338
341
328
331
331
339
330
335
333
329
334
336
341
334
327
334
345
339
326
336
340
334
338
337
334
328
332
337
346
333
332
332
333
329
333
341
341
328
331
341
335
334
349
336
327
330
342
347
335
328
341
340
328
330
341
340
341
340
335
330
330
336
342
336
341
338
332
331
333
340
339
331
338
346
343
330
325
335
340
334
336
347
334
327
331
336
331
328
333
337
332
334
342
343
336
329
330
330
327
332
341
339
329
338
336
329
327
337
339
333
332
338
341
335
334
337
332
328
333
340
341
338
332
338
334
325
332
340
335
332
339
346
339
334
338
340
330
332
340
345
340
339
339
335
329
334
342
339
333
337
344
344
336
337
344
338
331
337
348
344
334
339
347
334
334
338
338
334
339
348
344
337
336
341
337
336
343
347
338
338
342
346
335
330
336
341
336
337
348
346
337
337
341
337
336
341
347
343
337
350
349
331
325
336
343
338
336
343
346
341
346
342
332
331
338
344
339
334
344
354
335
329
338
344
340
336
342
348
336
333
344
342
331
336
344
341
334
341
352
344
330
332
339
339
336
339
345
339
334
343
353
336
329
335
339
334
337
342
341
337
337
340
340
335
339
344
339
339
346
348
333
328
340
344
338
338
347
347
331
332
344
342
334
337
355
348
330
333
343
340
337
342
346
343
341
342
344
336
330
339
342
336
337
350
345
331
331
341
341
336
340
346
340
340
347
342
332
332
343
347
337
337
346
346
334
333
343
342
334
338
345
350
340
337
336
334
333
340
345
339
338
341
338
332
332
341
341
334
339
349
338
330
332
340
338
333
338
344
341
336
338
338
333
332
339
342
339
340
341
334
329
334
340
339
336
338
340
336
333
342
347
341
340
350
348
335
331
340
342
335
334
345
350
336
333
341
338
332
337
344
344
335
339
344
336
332
338
342
336
339
344
346
336
332
343
342
335
337
345
350
338
336
339
334
332
337
343
338
338
340
339
333
331
339
340
332
335
347
342
328
331
339
336
332
337
342
339
328
334
340
334
332
341
347
334
325
334
339
334
334
344
346
331
333
340
336
332
340
350
343
329
331
343
337
331
339
344
343
333
338
338
335
338
346
345
332
330
338
340
335
338
344
339
334
340
343
340
336
340
345
334
330
336
342
336
334
340
343
335
340
348
340
331
336
345
342
330
334
344
340
336
343
346
340
337
342
344
336
332
347
345
331
335
345
339
333
340
344
340
337
340
343
341
335
342
344
338
336
342
343
337
338
346
342
332
336
346
342
334
343
344
336
334
339
344
340
336
344
346
336
331
339
348
340
335
340
344
336
337
345
343
336
340
346
340
336
342
346
336
329
337
341
334
331
338
338
332
336
344
341
337
338
344
335
331
342
345
333
327
339
343
338
334
339
340
333
330
342
343
331
333
342
343
340
339
346
340
333
340
347
347
336
339
346
339
336
344
347
343
341
343
344
336
337
344
345
333
335
344
341
334
336
344
339
334
341
344
335
334
342
342
338
332
341
341
332
337
344
337
332
338
345
338
334
336
340
335
332
341
347
334
328
338
346
334
333
343
341
334
333
340
337
333
342
345
338
328
336
343
339
339
342
347
335
333
341
345
339
340
344
341
335
336
346
342
338
340
346
341
338
338
342
337
334
342
346
342
337
346
340
335
334
342
342
335
342
344
337
328
335
344
340
334
339
347
344
338
338
338
334
333
343
343
336
338
345
341
337
332
340
339
333
338
349
340
329
334
339
334
330
338
345
343
333
336
339
333
333
340
343
337
341
340
334
329
335
344
340
338
342
342
337
335
344
347
338
336
357
354
330
328
342
346
337
339
349
348
335
336
344
340
336
340
352
344
333
334
338
335
334
342
344
343
336
336
335
335
336
342
340
338
343
342
333
330
338
344
341
340
338
336
331
332
342
342
336
340
341
334
330
332
343
346
339
335
335
332
331
339
342
340
334
341
344
334
332
342
344
336
338
344
339
333
337
343
340
331
338
345
339
335
339
348
343
330
336
342
336
334
345
342
334
336
345
340
334
339
345
344
334
335
345
342
334
339
342
339
332
338
345
335
334
340