330
324
334
345
328
323
334
336
330
330
338
338
327
328
339
336
328
332
339
330
324
332
340
332
327
339
340
331
331
338
336
327
332
340
342
327
330
340
338
329
334
345
338
329
337
343
334
332
340
343
333
331
342
340
337
339
337
336
332
337
343
339
330
336
346
336
332
342
348
339
335
340
339
332
334
351
343
329
334
345
340
331
338
348
338
332
348
360
361
329
334
384
385
326
325
351
336
335
366
346
325
363
374
330
321
381
370
311
308
334
359
346
338
336
336
328
340
347
340
337
352
340
326
323
356
340
325
332
341
344
337
333
336
345
330
326
338
344
331
329
341
340
332
335
340
334
327
338
346
341
331
332
341
335
327
340
348
331
330
348
340
332
340
347
340
334
337
343
343
337
336
346
343
341
346
348
341
335
343
345
338
340
358
354
331
334
352
346
334
339
348
341
336
340
348
342
335
345
348
336
331
342
345
335
335
343
339
330
335
344
340
331
336
343
334
330
338
343
335
329
342
344
330
329
341
343
333
332
343
342
333
330
342
338
331
336
342
336
329
338
345
338
334
335
338
335
333
341
343
332
328
337
338
336
334
340
337
333
343
340
333
328
339
341
330
330
341
346
338
330
337
340
331
334
342
342
340
339
340
332
329
337
345
335
332
341
345
335
331
340
341
334
332
340
344
328
330
340
338
329
335
342
336
334
338
344
334
329
342
343
328
329
341
339
332
333
344
339
327
332
344
344
334
334
342
340
339
344
335
329
333
342
342
332
335
351
350
327
327
341
341
334
336
348
340
329
336
342
336
335
341
343
334
337
345
339
331
336
344
346
334
337
344
338
330
336
345
340
331
337
345
336
335
342
340
331
336
349
342
324
330
344
342
332
337
348
341
329
339
346
334
327
346
347
332
329
340
342
333
335
345
343
333
334
344
345
331
334
342
338
332
343
344
342
336
336
337
331
331
342
345
334
333
343
344
333
336
342
337
330
340
351
336
327
336
344
343
334
333
341
334
332
342
343
333
343
349
339
330
335
344
339
332
341
360
337
324
334
342
337
334
343
346
341
333
340
339
333
336
348
345
338
339
338
337
331
335
343
337
334
345
346
334
329
341
343
334
332
348
348
327
330
341
338
330
335
346
345
331
336
342
336
334
344
344
336
343
344
341
330
330
342
342
335
339
351
344
328
334
347
341
332
338
345
341
339
343
341
333
331
341
340
333
341
345
338
330
334
345
339
332
340
346
345
345
342
333
330
331
341
343
341
335
342
339
334
336
348
339
329
336
346
346
342
338
336
332
330
340
346
338
337
347
341
330
334
341
342
331
335
350
345
325
334
341
336
330
339
346
341
340
344
339
328
332
342
343
332
336
347
337
328
334
344
343
333
335
343
344
336
335
337
330
332
344
342
333
334
344
350
331
332
344
338
328
336
344
337
332
343
346
336
331
336
343
333
331
341
343
337
335
350
341
328
331
341
336
330
338
345
342
332
332
341
334
330
339
346
339
337
341
336
329
336
343
339
332
339
353
336
334
333
338
338
330
339
347
342
331
335
339
332
333
343
343
336
344
350
330
322
333
344
339
332
340
348
343
336
340
341
332
331
342
344
334
342
348
339
329
335
343
339
329
336
346
339
336
343
339
330
330
340
343
334
335
352
343
323
330
344
341
329
334
345
342
334
341
342
335
329
339
345
338
336
343
347
335
332
342
343
336
338
346
344
339
339
339
336
329
335
343
338
338
341
340
332
332
342
344
333
334
344
347
339
334
340
336
330
338
349
340
336
338
342
338
333
340
347
336
332
343
343
336
338
345
348
337
334
341
338
333
342
346
338
332
338
341
337
332
340
346
340
336
341
340
331
334
343
340
332
340
346
341
330
336
348
338
333
340
347
334
328
340
344
334
334
344
345
333
334
344
340
333
340
339
331
327
338
346
337
333
341
345
334
329
342
345
335
335
350
338
326
331
342
340
332
340
349
342
330
335
343
336
334
340
348
332
330
342
342
330
335
346
344
333
333
343
339
331
336
346
346
333
334
337
336
333
340
342
334
334
345
339
332
334
341
338
336
346
343
328
324
337
346
338
331
342
351
335
325
340
340
332
333
344
350
334
326
336
338
333
337
346
341
336
342
341
330
328
342
345
334
332
342
343
336
328
336
337
331
336
344
343
336
335
339
334
330
339
343
336
334
343
348
337
333
341
339
330
335
345
347
335
332
339
338
330
336
345
338
333
342
349
335
330
339
344
339
331
340
339
331
334
346
342
329
334
344
337