340
345
339
332
339
345
340
334
340
340
340
336
338
337
334
339
345
337
332
340
345
340
339
340
340
330
333
344
344
334
332
345
347
334
335
343
339
334
342
351
339
331
341
343
332
331
342
347
340
334
340
344
334
337
345
344
336
338
344
336
332
341
347
337
330
339
346
336
330
340
343
334
335
342
341
332
337
347
340
334
338
339
334
335
339
340
334
330
342
346
332
330
343
344
331
335
342
340
333
337
345
339
330
338
345
336
331
337
340
334
333
343
346
336
334
341
343
335
336
345
340
334
336
343
339
330
340
344
336
331
343
343
332
333
348
343
328
331
343
340
333
338
347
338
328
335
345
341
337
339
339
333
332
342
342
334
334
342
343
333
335
350
344
330
332
343
341
331
340
352
337
327
336
342
337
336
345
347
335
336
342
342
336
340
348
337
330
338
347
341
329
344
344
332
329
339
347
334
332
342
341
332
334
344
343
335
335
344
339
331
337
349
336
328
336
343
338
336
341
343
333
335
344
342
333
333
343
339
329
336
350
338
330
337
348
334
327
340
347
334
329
342
345
335
336
347
342
328
331
347
342
328
335
346
343
330
335
345
337
331
344
343
328
330
344
348
329
329
342
341
333
339
348
337
328
337
344
338
332
343
351
332
327
339
346
337
332
343
343
334
332
340
340
333
338
347
341
335
340
348
337
326
336
344
336
332
342
346
335
331
340
341
334
339
350
340
329
335
344
340
332
338
347
340
335
345
345
334
330
341
344
336
338
344
342
331
335
345
343
333
342
347
337
328
338
350
338
331
343
346
335
335
346
348
334
332
348
346
332
336
346
341
332
337
346
344
332
336
345
334
332
340
344
340
333
342
338
335
335
344
342
334
336
343
338
334
340
348
336
327
338
349
336
331
339
341
333
334
344
346
333
334
344
338
328
333
343
340
330
339
344
337
336
338
340
334
333
341
339
329
334
346
340
329
333
347
340
331
336
343
337
334
338
344
336
332
340
343
338
330
337
339
333
338
346
338
329
339
350
339
331
335
342
335
332
346
347
334
335
343
344
331
333
345
344
335
333
340
339
335
339
344
338
334
341
343
335
332
345
348
338
333
340
340
334
336
344
342
332
336
346
345
334
335
344
342
335
335
348
336
326
338
342
334
332
342
341
328
333
345
343
332
330
338
336
332
335
345
335
327
340
345
331
328
343
353
339
325
335
339
334
340
344
338
343
350
342
332
325
350
389
366
312
324
392
438
383
318
384
414
312
302
324
336
381
419
360
271
288
347
408
382
282
283
327
337
335
350
345
316
318
336
340
344
326
321
323
332
340
330
319
328
337
329
320
335
338
327
325
340
340
323
321
334
340
335
327
330
338
329
341
338
336
325
334
344
332
341
348
339
330
337
342
342
337
336
346
343
334
345
350
345
337
340
349
344
339
344
353
343
335
347
347
335
336
346
353
336
334
346
345
337
342
349
338
332
338
346
338
333
343
348
337
335
345
343
332
335
346
342
334
332
342
336
329
336
347
338
328
335
342
333
331
340
344
333
328
337
338
324
329
342
334
327
332
339
332
326
338
340
328
327
337
346
330
328
334
336
330
331
341
337
329
331
344
334
323
331
342
336
330
337
346
335
326
337
339
331
332
340
342
330
331
340
336
329
337
344
334
328
338
341
336
328
338
344
336
337
344
341
330
326
335
338
331
334
344
344
329
334
345
336
328
336
345
338
332
347
346
330
325
339
345
336
334
339
342
333
333
340
341
332
336
346
342
332
340
342
336
332
340
346
346
339
338
337
330
334
343
340
331
336
346
340
330
337
352
335
325
336
349
335
328
338
346
337
331
342
344
336
333
338
338
336
338
346
337
329
340
351
341
328
337
346
338
333
346
344
333
333
344
341
332
335
342
339
331
338
342
336
330
345
342
329
329
339
343
332
331
346
344
333
332
339
337
329
338
346
339
331
339
350
336
327
336
345
335
330
339
347
341
330
336
339
331
335
351
342
330
335
341
338
331
338
347
342
337
336
340
334
330
340
342
336
336
342
341
333
337
345
341
335
336
340
336
331
342
346
335
333
344
342
331
333
346
344
333
335
345
348
338
339
342
335
332
337
344
342
335
339
341
336
333
341
342
334
334
344
345
336
338
356
347
329
326
339
341
332
337
343
338
334
344
347
334
330
342
348
336
329
342
344
330
333
346
340
332
340
347
340
326
337
343
334
330
340
348
339
336
338
341
333
333
345
347
335
332
338
337
330
339
344
337
331
338
345
338
331
339