334
343
339
330
338
347
337
328
339
343
331
328
346
346
330
326
340
342
335
335
341
337
328
336
345
338
329
337
346
338
331
334
338
333
331
339
342
331
330
343
342
331
333
347
342
335
331
342
335
328
336
342
332
330
339
342
332
329
341
344
333
331
342
339
328
330
342
338
329
333
342
336
331
336
342
338
334
341
340
329
334
344
340
334
333
339
341
330
332
342
341
331
338
343
338
328
338
343
340
332
339
342
331
332
342
338
326
332
343
341
329
336
342
336
326
335
342
338
330
340
337
328
332
344
345
330
328
341
340
331
337
346
337
329
336
345
341
336
339
338
330
330
344
347
332
331
343
338
329
332
345
340
330
334
344
340
328
337
343
335
328
339
344
332
328
340
343
328
332
342
337
329
340
344
333
327
335
342
337
329
340
343
332
330
342
340
329
332
344
342
326
330
341
336
328
336
342
335
330
339
343
333
330
345
340
333
328
338
342
332
331
340
340
333
334
340
337
333
340
342
333
328
338
348
338
326
337
342
332
331
344
342
331
333
345
338
326
339
345
335
331
336
339
334
333
344
342
331
331
341
346
332
331
342
339
332
339
343
334
328
343
346
341
326
335
344
337
330
340
342
337
335
340
337
329
334
343
346
334
333
337
336
331
344
346
333
331
337
342
333
335
340
339
333
330
340
344
331
332
346
340
331
336
342
342
335
339
339
336
336
340
343
335
335
337
339
331
334
345
343
335
334
344
343
334
343
345
334
327
339
344
336
331
342
342
331
333
346
344
336
334
342
341
329
336
342
341
325
323
336
325
327
333
320
324
321
331
335
320
322
320
320
317
322
326
337
316
301
337
331
309
318
318
322
326
328
328
325
312
341
340
323
325
338
339
329
340
339
329
330
339
348
343
330
332
378
407
305
321
339
346
383
324
320
329
344
366
361
323
331
352
374
355
330
338
361
357
349
354
346
340
355
356
352
352
358
356
334
336
352
352
348
347
353
341
346
360
346
329
336
354
352
337
341
352
352
338
349
349
337
336
349
354
338
332
340
346
342
339
346
353
357
336
330
338
332
336
347
343
334
340
352
351
332
337
341
336
328
339
346
340
338
346
343
327
330
338
339
332
336
345
341
343
339
337
328
325
339
346
337
336
354
334
322
328
342
342
330
333
349
351
329
332
337
331
324
337
346
337
329
341
353
333
324
334
336
330
330
341
342
334
345
340
328
323
330
340
337
331
341
346
334
330
338
337
329
330
339
343
334
338
347
340
327
328
340
340
340
337
344
334
328
336
343
336
333
339
338
332
333
336
334
332
335
344
337
333
349
335
330
323
332
342
338
331
341
344
339
329
337
337
330
332
345
344
334
335
345
342
324
330
342
338
332
340
354
334
322
336
343
337
334
338
338
332
339
348
340
332
329
338
339
334
340
347
346
330
332
341
338
332
341
344
335
336
345
347
342
331
333
336
334
341
349
340
335
337
344
336
329
339
344
336
335
341
337
332
337
342
341
335
338
345
340
328
335
344
340
332
344
346
334
330
343
344
334
336
347
342
329
334
346
341
330
339
346
337
334
336
338
336
334
341
344
336
335
339
341
332
334
344
344
342
335
335
336
334
339
345
338
334
344
347
341
331
335
338
331
333
342
346
336
336
346
340
332
334
344
340
338
345
345
329
328
339
344
336
333
343
347
342
333
336
338
334
334
343
341
336
340
343
339
326
333
343
337
334
347
342
331
333
345
341
332
336
344
344
336
338
345
335
330
337
347
338
337
342
342
333
332
343
345
334
336
352
339
329
331
345
343
332
336
350
344
327
332
343
338
329
338
341
345
336
334
338
336
339
346
343
330
333
343
342
334
336
347
345
336
336
337
332
331
341
345
338
342
343
338
333
336
343
342
338
342
347
334
326
337
346
339
336
345
353
333
333
338
340
332
334
346
348
332
333
347
342
330
337
346
344
344
338
334
332
333
342
346
338
339
343
338
331
334
344
347
334
336
353
339
328
334
343
338
336
342
345
335
335
339
341
334
334
345
350
337
335
336
333
330
338
346
340
333
342
343
334
331
339
344
336
334
344
362
329
320
336
339
332
336
344
341
332
337
342
336
333
338
342
336
339
354
334
320
328
343
343
334
334
345
346
339
335
339
336
330
336
344
338
333
343
344
330
328
342
344
334
335
347
348
338
328
336
337
332
338
346
343
332
333
341
337
333
341
344
336
340
346
340
332
330
344
339
330
336
350
341
331
334
343
337
330
338
348
338
328
337
340
334
336
342