333
328
333
338
334
327
329
336
335
331
333
337
333
330
332
333
330
331
338
336
330
332
336
334
331
336
336
333
332
337
337
330
332
338
336
333
333
338
335
330
334
340
337
332
333
340
338
334
332
338
335
331
336
337
335
332
338
340
334
333
338
338
334
334
343
342
333
334
341
338
334
336
340
336
336
337
338
336
335
337
342
337
333
338
339
334
334
338
343
337
335
339
338
334
339
340
339
337
335
340
336
334
338
339
333
330
338
340
333
330
339
340
335
336
342
340
332
338
340
337
334
338
342
337
334
338
342
335
335
341
343
338
339
344
339
335
338
343
341
335
338
344
341
337
341
344
340
337
342
345
339
337
345
345
338
336
344
346
336
340
345
344
339
343
345
342
338
342
343
344
341
340
342
339
339
343
343
338
340
346
344
338
336
342
342
338
340
344
344
339
340
342
341
339
343
343
341
338
342
342
338
338
342
342
337
338
343
342
339
343
345
338
334
340
343
337
337
341
345
339
339
341
340
337
338
342
340
336
338
341
341
334
336
343
340
337
341
341
338
336
340
344
336
335
342
340
337
337
342
341
333
334
341
340
335
337
342
338
334
338
339
334
334
340
343
340
336
339
342
338
338
340
344
334
333
343
343
335
336
342
338
336
338
340
338
336
339
342
341
334
336
337
334
337
339
338
333
334
340
340
334
336
340
336
333
335
339
336
336
339
338
333
334
340
341
333
332
336
338
338
340
342
336
331
337
341
336
332
337
338
332
335
341
341
334
336
341
342
335
332
342
341
331
332
339
340
334
337
339
335
332
338
343
336
330
338
339
335
334
339
340
333
332
338
337
334
335
341
339
333
336
341
337
330
334
341
336
333
337
337
336
335
341
341
336
333
336
339
334
337
341
338
335
336
341
337
332
336
342
339
334
338
338
334
332
342
340
334
334
339
342
334
336
340
339
331
333
342
336
334
339
340
339
338
337
337
335
335
340
340
333
335
340
341
336
335
340
340
337
338
339
332
332
338
344
339
334
339
340
335
334
337
336
336
339
343
341
336
336
342
342
337
333
340
337
334
336
342
337
334
338
340
335
333
340
339
335
334
343
343
334
333
340
339
334
337
342
338
332
335
341
338
335
337
337
334
333
339
341
334
332
336
340
335
335
340
338
330
335
342
336
330
335
341
338
334
336
339
336
335
338
338
334
337
342
340
332
335
341
338
333
336
344
338
334
337
343
340
332
338
339
336
336
339
339
335
337
341
341
334
335
342
339
336
337
340
339
333
338
342
338
334
339
341
336
334
339
340
338
336
339
340
335
332
341
342
335
336
342
340
335
338
341
337
337
342
341
336
339
344
342
335
336
343
340
333
330
342
347
348
345
367
388
416
400
354
403
394
321
310
349
341
350
329
387
341
318
338
398
337
300
313
331
350
342
336
333
325
337
335
328
333
342
331
325
331
336
335
332
332
334
331
330
341
342
327
329
338
332
331
348
332
332
336
337
330
336
332
338
341
332
338
338
342
336
333
345
342
337
333
341
337
334
338
344
340
331
334
343
340
334
338
344
336
332
337
340
335
335
339
338
332
336
342
341
330
334
340
335
331
336
340
336
330
335
339
334
332
336
337
334
333
338
336
332
334
336
334
329
333
336
333
329
335
338
330
330
334
336
332
331
338
337
330
332
336
335
329
333
339
338
332
331
336
337
331
336
338
335
330
335
337
334
332
332
338
333
333
337
335
332
335
339
333
328
331
337
334
331
336
336
330
331
336
336
332
333
338
337
331
337
336
331
331
336
339
336
332
333
340
334
330
336
340
333
332
339
338
331
334
338
335
330
335
341
336
330
332
338
335
328
333
338
336
336
336
335
331
330
338
339
330
330
337
339
333
333
339
334
330
334
339
337
334
337
339
335
332
338
342
334
329
337
339
333
334
340
337
329
330
341
340
334
335
339
337
331
335
340
336
332
336
340
336
333
336
338
335
335
336
336
335
336
340
337
332
335
339
336
334
334
338
335
334
338
340
336
334
337
341
334
333
339
340
335
335
340
340
333
333
343
341
335
336
340
337
333
336
340
337
330
333
340
335
335
339
337
333
336
339
337
333
336
340
336
333
336
340
338
337
336
336
333
333
337
339
334
334
340
342
335
334
338
339
334
335
341
340
336
337
339
336
337
340
340
336
334
338
343
337
332
338
338
336
337
340
338
333
337
341
338
334
337
342
336
333
339
344
337
333
343
341
336
336
342
342
336
337
339
338
340
342
342
339
335
340
344
338
335