339
337
336
340
339
335
333
340
340
335
336
340
339
331
334
342
341
334
337
345
338
334
337
341
339
335
339
341
339
337
343
340
338
338
343
342
338
336
340
344
338
339
344
340
334
338
343
338
331
336
342
339
334
338
340
335
331
339
340
333
332
337
336
334
339
341
334
332
335
342
338
332
335
340
336
334
338
341
334
332
338
344
337
334
340
341
335
335
342
339
335
339
344
341
334
336
342
338
335
342
345
338
334
337
346
337
334
341
342
337
335
343
343
337
334
341
339
335
335
341
337
335
336
339
337
335
337
340
338
331
336
340
335
329
334
335
332
330
338
337
330
331
337
335
331
329
336
336
332
333
337
334
331
337
339
333
334
336
336
333
333
339
341
332
330
341
338
332
335
341
336
332
336
340
336
333
336
338
334
335
340
339
334
334
341
341
334
334
339
335
332
339
342
339
332
336
344
336
331
336
342
335
333
340
344
336
334
339
340
337
336
339
338
335
337
342
337
331
339
344
338
334
339
342
334
334
340
342
337
334
338
343
338
337
341
339
336
339
343
341
332
335
341
339
337
339
341
337
333
340
338
340
340
342
341
336
337
338
339
338
337
342
341
334
335
345
342
335
337
343
337
332
339
343
339
335
337
341
340
338
341
341
336
334
342
342
338
338
338
340
336
340
344
340
333
335
341
340
337
341
344
338
334
338
341
336
336
340
340
337
336
341
340
334
334
344
343
333
336
342
338
333
337
342
339
337
340
340
336
336
339
341
333
333
341
342
336
334
339
341
335
336
341
337
333
338
339
340
336
339
342
336
333
340
343
337
335
338
340
337
338
342
339
333
337
341
340
335
339
342
338
334
336
343
339
336
339
341
335
336
338
336
339
339
344
341
333
333
342
342
336
337
338
338
338
341
342
340
336
340
341
337
333
342
344
335
335
343
343
335
334
340
339
336
337
341
339
334
338
344
341
336
337
342
336
336
343
341
337
337
342
340
333
336
343
340
333
339
343
341
332
335
339
339
335
341
341
336
336
341
340
334
334
339
338
333
337
340
341
335
338
344
339
333
337
343
338
334
338
343
338
333
338
342
339
337
339
342
336
337
342
336
333
338
344
341
334
335
342
340
334
337
342
339
332
338
341
338
336
341
340
335
334
339
343
333
334
343
342
336
335
340
341
337
338
340
337
331
341
344
334
331
339
339
334
333
340
340
332
332
342
342
336
333
340
340
333
333
339
340
334
333
340
338
332
335
341
339
334
339
343
336
331
339
340
334
336
339
340
334
332
340
340
335
336
341
340
335
338
344
338
334
340
345
340
332
336
342
337
336
340
338
334
338
344
341
334
341
348
340
336
356
379
379
360
391
424
422
394
372
343
397
366
304
366
277
252
330
394
343
248
269
330
422
329
234
280
322
349
325
298
308
328
334
330
318
317
324
323
318
324
325
318
322
331
323
316
320
325
331
317
315
328
322
320
328
328
324
320
329
326
324
326
331
325
329
329
333
330
325
331
338
332
325
330
339
334
335
337
337
330
330
339
342
338
334
340
342
332
334
342
340
332
333
345
344
337
339
341
339
337
343
345
338
332
342
348
342
338
343
342
338
334
345
346
338
339
343
344
340
342
346
342
337
338
345
344
341
340
342
337
338
344
346
338
337
347
343
339
336
343
347
339
340
345
338
337
343
345
339
334
341
343
338
336
345
342
340
339
341
341
338
336
340
342
339
340
343
338
334
341
343
337
335
341
341
336
336
341
343
336
328
338
342
337
335
339
337
332
337
345
340
333
335
339
335
330
336
344
338
334
337
338
335
333
337
338
336
329
338
341
335
333
341
338
329
334
341
337
331
336
340
338
329
332
339
337
335
338
342
329
332
342
342
333
331
340
342
331
335
342
338
333
335
341
338
332
337
341
339
334
337
340
337
330
337
343
338
334
340
340
328
333
342
342
334
336
341
336
335
338
343
340
334
335
342
336
334
340
341
336
334
340
344
340
338
343
340
335
336
341
340
334
338
340
337
335
339
345
339
334
339
343
336
337
341
339
336
336
345
343
333
336
342
334
336
341
343
339
333
338
342
338
332
338
344
340
334
340
345
339
335
340
341
336
338
342
342
332
335
345
343
335
338
344
339
335
342
346
340
335
337
340
337
338
345
344
336
338
345
342
334
336
345
343
338
336
344
343
337
342
344
339
336
340
344
341
335
345
345
337
338
342
342
335
338
342
339
337
339
344
341
336
339
343
340
336
341
344
340
333
342
346
341
336
342
343
336
336