336
336
333
335
338
334
331
337
337
333
333
334
337
333
336
338
336
331
333
338
337
333
338
340
335
330
336
341
337
332
335
337
335
337
338
335
334
335
338
335
332
337
342
334
332
337
339
336
333
335
343
337
331
335
339
336
337
341
342
334
333
338
341
336
336
340
338
336
343
341
335
333
339
342
341
337
339
339
336
335
340
339
337
340
341
341
339
337
341
339
335
338
343
338
334
339
342
339
335
340
345
337
336
343
344
334
334
341
341
335
337
343
340
335
339
344
341
337
342
344
340
334
338
342
336
338
342
341
335
334
341
341
338
337
339
341
337
342
347
340
332
335
342
338
335
339
338
335
338
343
343
336
337
344
340
334
337
342
338
337
338
341
340
336
340
343
340
335
339
347
344
333
338
343
337
338
343
339
337
338
342
341
336
338
340
342
339
343
343
336
335
339
341
336
338
343
342
337
338
344
343
337
338
342
345
337
335
341
340
338
340
342
339
336
340
343
338
333
341
342
337
338
348
340
332
334
340
340
338
341
344
338
332
340
344
340
334
339
344
343
340
336
341
340
339
344
342
335
336
343
344
336
338
345
344
337
340
346
344
339
339
342
339
333
341
343
338
339
344
342
336
337
344
347
335
336
341
340
336
342
345
339
334
342
344
337
336
343
342
336
338
346
341
338
340
341
338
335
339
342
340
335
338
345
341
336
341
343
338
337
338
339
336
333
344
344
337
338
342
340
336
338
342
337
334
343
345
335
330
340
345
337
334
340
339
334
335
342
342
336
336
341
344
336
337
343
339
332
336
342
338
333
338
343
338
336
340
340
333
334
340
341
334
332
340
340
333
335
342
339
334
336
339
334
333
338
342
337
330
338
341
335
336
339
338
333
338
345
338
330
335
344
339
334
338
340
337
331
337
342
336
333
339
340
335
334
340
341
333
332
338
338
333
338
340
338
332
334
341
338
332
338
341
335
338
340
339
332
333
341
343
333
331
338
340
334
335
341
337
334
337
342
341
335
335
338
338
333
336
339
337
334
340
341
337
334
340
343
336
334
344
341
333
337
343
336
334
339
342
336
336
343
344
332
329
341
345
337
336
341
338
332
335
342
338
332
338
348
341
334
335
341
339
336
338
341
337
337
338
338
336
341
341
334
330
337
345
340
333
336
342
338
333
338
346
338
332
332
341
338
335
338
339
335
334
338
340
340
338
338
336
332
338
343
338
333
336
342
338
335
340
344
336
332
339
340
334
335
342
341
331
337
345
344
338
337
339
336
339
351
355
337
351
378
382
365
394
433
406
329
339
407
420
376
305
250
256
322
380
338
294
337
370
348
331
280
300
346
323
319
345
375
321
280
307
334
329
327
331
323
323
321
330
327
322
322
327
325
325
326
328
321
323
333
332
324
326
333
330
326
330
330
330
331
334
338
334
326
333
337
337
329
337
343
333
330
334
339
331
337
343
339
330
333
340
341
334
338
340
343
338
332
342
340
339
338
339
335
333
339
344
340
336
341
342
338
337
341
340
334
340
345
341
332
338
346
341
334
339
343
338
339
342
341
335
334
343
345
340
340
343
339
334
339
346
342
335
340
345
344
338
337
341
339
338
344
343
336
337
343
344
336
336
344
341
333
340
346
342
335
341
344
340
333
342
347
340
339
343
344
339
338
346
344
338
338
345
342
336
339
346
344
337
340
344
343
338
343
345
338
338
345
345
338
340
345
341
337
340
347
344
337
341
345
342
338
346
346
336
335
343
347
340
336
341
342
338
338
343
343
337
339
346
344
337
344
339
338
335
340
345
338
335
341
342
336
335
343
346
338
336
344
343
332
338
341
340
334
337
344
341
336
341
345
337
336
338
341
337
334
339
342
337
334
341
341
335
338
344
340
334
340
346
336
329
337
346
340
334
339
343
334
334
344
346
336
330
338
341
335
333
340
340
334
336
342
338
330
335
342
338
334
336
342
336
333
339
341
335
334
342
342
330
335
343
341
334
335
341
341
336
334
337
338
335
339
342
337
333
338
343
334
329
338
340
333
333
338
338
332
334
338
334
328
335
343
339
329
335
340
334
332
338
341
334
332
339
339
333
333
336
339
336
336
339
337
331
336
341
333
330
337
342
336
331
336
340
333
330
340
340
334
334
340
338
335
333
338
336
333
335
340
337
333
336
341
335
333
338
340
334
333
340
341
333
334
340
336
331
334
342
338
333
336
340
336
331
336
340
337
332
338
342
334
332
339
343
337
336
340
338
333
336
340
338
332
337
342
336