338
332
332
346
338
328
336
342
335
327
336
345
336
328
337
344
335
334
342
347
332
331
344
341
328
334
347
342
333
338
342
337
331
338
344
334
332
342
346
335
333
343
342
328
338
348
344
331
333
344
342
331
336
346
338
330
338
348
341
330
340
342
336
336
346
344
334
334
345
345
332
334
343
342
334
338
342
339
334
342
343
336
332
339
343
336
332
342
340
332
337
345
343
331
334
345
341
333
337
344
340
334
342
345
338
331
339
348
339
332
342
340
335
338
345
343
331
336
345
343
333
334
343
342
330
341
348
340
331
340
345
337
335
339
348
333
332
344
346
332
332
348
344
332
335
347
342
333
336
344
338
333
338
347
338
332
340
347
335
335
345
345
333
332
347
346
332
332
345
341
333
339
346
339
334
342
344
336
334
344
348
336
336
345
341
336
338
348
346
334
335
347
345
334
337
345
341
333
339
348
341
332
339
346
336
334
344
346
332
332
344
343
332
331
344
340
334
337
344
340
334
339
344
338
330
340
345
339
334
342
344
331
332
346
345
332
331
344
346
336
336
346
342
334
339
343
339
334
340
342
338
335
342
344
338
333
341
343
333
332
343
344
332
334
344
341
332
337
347
340
331
336
347
337
332
339
344
333
333
342
345
334
334
342
342
332
334
344
340
329
336
346
340
331
337
345
337
334
337
343
336
330
339
344
335
335
344
340
332
337
342
340
331
334
344
341
331
338
344
335
332
344
344
334
330
340
345
335
328
342
344
333
330
344
344
336
335
342
340
333
337
343
338
331
336
347
340
334
344
357
360
372
381
378
402
453
417
336
326
393
405
348
338
358
348
293
313
385
332
220
254
381
389
319
266
296
318
282
309
368
337
322
283
269
322
358
304
273
289
308
320
329
315
304
315
322
316
312
319
324
321
320
320
323
317
323
327
323
322
328
341
334
318
326
344
330
324
333
345
336
330
341
342
332
332
342
346
332
334
348
345
334
333
345
344
333
336
347
337
334
344
350
336
336
347
346
339
334
342
347
343
336
349
348
337
334
347
348
338
340
351
342
334
345
354
340
332
345
352
340
337
345
350
339
339
350
344
335
342
351
347
335
340
351
345
334
339
349
342
338
346
348
337
333
346
349
338
336
348
348
337
338
348
344
333
340
350
344
338
343
348
340
334
344
348
340
336
345
348
338
333
343
344
335
339
348
344
337
338
347
344
334
341
348
338
329
344
350
340
333
344
347
336
334
344
347
338
335
346
349
335
335
345
345
335
340
347
341
334
341
347
337
334
340
346
338
331
347
349
335
331
342
342
335
337
344
344
338
335
344
341
333
340
348
340
332
340
346
340
335
342
346
337
335
344
347
338
333
342
343
333
337
342
344
336
338
343
337
330
341
344
336
334
343
345
334
329
344
348
334
333
344
343
334
336
347
343
331
337
345
338
332
337
341
338
336
340
345
334
332
341
344
332
332
344
344
332
334
346
340
329
338
345
337
331
342
347
337
332
338
347
339
333
341
345
338
335
338
342
338
340
349
343
333
338
344
340
336
344
348
341
336
338
344
339
332
343
346
336
334
343
341
328
338
350
345
333
336
346
342
335
334
340
343
338
344
346
338
333
344
343
332
335
347
344
334
335
346
343
334
339
349
337
331
341
350
342
333
342
345
340
338
344
344
336
335
345
346
329
335
351
346
332
335
344
341
330
336
345
340
334
339
344
336
330
340
344
333
325
344
348
335
333
343
342
332
332
341
338
330
338
345
338
329
335
343
334
330
340
344
333
330
339
342
329
328
342
342
330
332
342
337
329
332
341
341
331
336
344
336
330
340
346
333
326
341
344
334
333
343
340
331
329
342
340
332
335
342
337
328
336
346
329
322
337
348
336
328
338
342
329
329
340
342
330
330
342
340
329
335
340
334
332
338
344
337
329
340
342
333
333
343
344
333
331
342
341
329
332
345
343
333
334
344
340
327
333
344
338
331
338
343
335
328
339
347
336
331
341
342
331
331
342
340
330
334
344
338
329
334
341
336
327
336
346
336
331
341
343
332
329
342
343
332
332
344
344
333
328
339
343
335
338
345
339
333
338
345
337
331
340
346
336
332
341
340
334
335
347
344
332
335
346
343
322
332
347
344
333
338
347
339
330
338
345
337
332
342
344
336
332
341
345
336
335
345
340
329
337
350
347
336
341
347
342
333
341
350
341
334
343
347
339
333
342
347
338
336
344
345
334
336
346
344
334
340
345
336
331
340
349
340
333
341
343
335
334
344
346