334
340
336
332
340
341
337
332
338
341
333
330
340
344
332
333
339
339
332
337
345
337
328
336
342
337
334
340
340
334
332
343
341
331
332
341
342
330
335
342
339
330
336
343
334
331
337
343
336
332
338
342
332
329
339
342
334
334
344
343
334
335
340
335
329
340
344
338
330
338
343
338
333
341
344
332
332
340
342
335
332
342
340
332
335
344
340
336
335
342
339
333
343
342
335
335
339
341
338
334
341
344
334
334
343
345
336
339
344
343
339
339
346
339
333
341
344
340
332
338
345
345
336
338
340
335
334
343
346
335
336
345
347
334
335
345
345
332
335
345
338
332
341
344
337
332
336
337
331
334
340
339
333
335
346
336
327
334
347
339
328
334
343
338
332
336
345
342
330
337
342
334
333
346
340
328
333
346
340
332
336
342
340
332
340
345
336
331
341
345
337
329
339
344
332
330
340
338
334
336
340
339
334
336
340
337
331
337
346
336
333
336
340
335
334
336
340
334
331
339
342
332
333
341
342
334
332
344
341
328
333
342
339
333
336
342
338
328
336
346
337
333
341
343
336
335
343
341
332
335
346
344
330
333
342
342
335
341
343
334
334
342
344
335
332
341
346
338
337
342
341
332
333
346
340
332
336
345
339
332
342
346
341
332
342
345
336
336
345
344
337
332
341
347
337
337
344
342
334
338
345
338
333
338
346
340
335
337
343
340
332
338
342
335
336
342
343
337
331
339
343
334
334
343
342
329
333
344
338
332
342
352
342
328
335
370
401
368
341
381
576
658
553
413
529
539
512
522
596
529
212
200
301
358
291
233
280
369
348
408
522
283
218
321
344
481
419
226
167
276
376
393
361
332
288
264
318
321
334
364
314
274
265
304
341
341
295
290
292
316
327
314
299
284
288
321
326
295
266
280
310
320
294
301
298
325
327
320
305
291
294
293
307
336
312
318
313
294
315
316
331
314
307
367
325
295
318
337
336
323
329
355
334
320
328
342
324
330
335
337
337
334
329
344
334
326
340
336
328
333
343
334
332
336
342
324
330
348
336
324
328
340
336
328
336
338
334
335
335
338
335
336
342
338
326
324
337
339
334
333
341
336
326
331
347
339
337
333
339
326
328
336
338
335
333
341
334
330
336
338
331
326
331
341
345
332
327
338
335
330
332
340
339
338
338
335
330
326
332
340
337
331
341
350
334
329
337
337
327
330
342
341
335
340
348
344
330
344
338
332
328
338
345
339
338
345
349
334
325
336
340
336
336
348
342
337
336
343
340
331
337
345
342
343
346
343
334
327
337
342
335
335
346
349
333
339
346
334
326
335
346
341
333
342
351
338
328
336
340
336
335
343
348
347
335
331
337
331
334
344
343
338
342
341
332
335
340
344
338
328
347
346
327
328
343
345
334
330
339
340
336
338
341
339
331
333
344
336
326
336
343
338
329
333
342
337
333
336
344
332
329
338
342
334
342
346
334
328
333
342
340
332
337
344
341
334
342
349
331
329
340
345
338
332
340
340
334
332
344
345
337
331
343
344
337
339
346
340
334
344
347
338
332
339
348
339
334
342
346
336
331
339
344
326
330
340
342
337
335
339
332
328
335
347
340
326
334
347
338
332
340
338
333
335
346
344
326
326
340
342
332
339
350
340
326
329
344
336
330
340
342
337
330
337
340
335
337
348
343
327
332
339
337
332
339
350
349
328
325
340
338
333
341
351
338
328
338
342
334
333
342
342
346
335
334
334
331
335
347
348
333
330
347
341
329
335
343
340
339
346
336
326
330
341
343
336
334
354
341
328
328
336
338
333
338
350
337
335
339
341
333
334
342
346
347
332
332
337
332
335
346
340
344
341
339
335
331
336
343
338
336
344
349
341
346
344
340
330
332
343
350
336
332
346
349
335
332
343
341
338
336
342
340
342
347
344
332
328
341
346
340
336
345
346
334
333
342
339
331
335
344
343
338
352
348
336
328
338
346
341
332
342
346
339
340
344
343
334
340
345
342
337
348
346
341
331
336
345
340
335
342
346
343
338
341
344
337
335
341
345
338
342
353
340
332
337
345
343
334
338
349
352
334
333
342
339
334
338
342
333
332
340
350
336
333
339
341
333
337
347
343
336
334
344
345
337
334
337
338
335
345
346
337
338
341
340
335
332
341
342
336
340
346
346
327
333
340
338
332
338
351
343
327
334
340
335
335
338
338
333
336
347
343
330
324
335
338
335
336
348
342
332
331
342
332
327
335
341
336
332
342
340
333
341
344
337
327
331
341