340
345
335
331
342
344
337
337
341
340
334
334
346
343
329
331
342
342
335
338
342
339
332
342
348
340
328
333
340
336
334
341
341
332
330
338
340
332
342
344
336
328
333
340
339
330
336
343
337
332
336
343
336
333
338
334
329
332
340
345
335
334
342
339
332
336
347
340
330
336
340
335
331
339
343
336
335
340
344
336
333
338
338
330
332
347
339
333
332
339
340
332
339
345
337
335
340
342
333
334
340
343
337
335
344
342
330
334
344
343
335
336
344
339
334
338
346
339
329
339
342
334
334
342
344
333
333
345
344
336
334
339
339
335
336
343
341
331
335
348
343
331
332
341
337
334
339
342
335
333
344
347
336
334
337
336
334
339
342
338
330
336
343
342
334
334
340
342
332
334
342
339
333
337
341
334
332
340
339
334
335
342
341
333
336
342
334
328
336
343
337
331
338
343
338
335
338
340
339
333
336
337
334
333
341
339
330
336
342
337
332
339
347
341
337
330
332
331
331
340
346
338
332
338
342
336
333
338
339
333
338
345
333
328
336
343
336
331
338
344
333
334
343
341
333
335
342
338
327
336
345
340
338
337
344
338
334
336
341
339
333
332
343
341
332
338
342
333
340
340
334
328
333
346
341
330
333
346
338
332
344
343
333
329
339
346
342
331
338
344
335
333
343
341
331
333
342
344
340
337
336
334
334
340
344
336
329
340
343
335
337
342
342
332
332
342
340
332
335
340
339
335
337
341
337
330
344
343
332
330
339
346
338
330
338
342
336
336
346
342
333
336
344
341
334
336
340
342
332
337
344
342
335
336
341
337
334
345
344
332
335
344
347
333
341
344
340
336
341
349
341
331
336
345
340
333
339
344
334
336
341
338
329
333
345
348
336
338
346
337
332
339
345
340
333
333
340
346
337
332
341
341
342
340
338
332
332
343
347
334
329
337
338
335
338
346
337
327
343
342
335
333
343
349
335
322
334
342
340
338
340
337
335
339
341
335
329
333
341
339
327
332
342
343
331
335
341
324
325
336
333
323
324
339
323
325
314
342
350
323
324
337
356
326
329
358
339
310
322
329
333
334
328
302
334
340
352
309
299
342
345
331
319
318
342
349
346
341
338
325
328
366
396
356
321
343
358
349
333
379
348
339
309
314
342
365
308
322
349
333
320
374
360
354
322
334
327
333
350
360
331
336
348
368
328
322
337
344
338
348
358
335
329
340
351
351
345
337
330
328
342
350
352
332
338
352
346
331
332
348
338
330
349
351
341
334
344
342
334
333
341
352
346
327
328
345
340
337
339
342
345
356
335
326
330
343
351
343
333
337
344
343
335
340
350
340
327
340
343
334
332
348
346
336
341
341
337
326
333
344
341
335
342
350
332
327
336
342
335
332
352
346
333
325
331
336
331
334
341
342
337
341
346
328
325
333
343
338
333
340
352
339
329
324
332
336
334
340
342
345
330
332
334
334
336
342
335
328
336
353
336
324
332
340
335
330
344
349
329
330
344
339
331
331
344
342
334
342
342
326
322
334
340
336
333
337
345
344
331
332
333
332
330
336
338
331
333
344
349
332
324
333
335
331
336
343
342
334
339
341
329
326
336
341
335
334
341
341
336
339
336
332
330
336
345
341
331
335
348
349
334
332
338
334
334
340
345
344
336
334
336
334
335
344
342
340
348
344
328
325
337
349
339
331
339
345
339
337
340
355
343
327
339
347
337
335
346
348
332
333
348
340
332
335
345
342
337
356
353
330
318
331
346
338
335
343
344
338
332
344
342
330
333
342
341
338
342
340
334
330
339
342
336
337
354
342
328
329
336
342
337
339
346
348
341
337
343
339
325
334
348
346
338
336
342
332
330
342
345
338
337
353
356
336
325
331
340
337
339
348
348
334
330
346
344
333
336
343
342
339
351
341
334
327
338
341
336
335
343
344
334
334
347
342
332
335
341
343
341
353
340
327
327
338
345
336
333
344
347
337
337
343
337
331
333
343
340
342
338
339
337
334
340
343
332
329
337
345
341
342
341
334
330
332
346
340
327
333
345
342
332
333
343
339
332
334
335
332
335
340
341
339
336
339
344
335
334
337
340
332
335
348
338
327
334
347
339
333
336
342
340
331
333
342
336
330
337
341
336
338
340
334
327
330
346
344
334
336
338
337
336
339
340
332
332
338
337
331
335
338
336
336
332
342
341
332
329
340
347
334
332
349
337
327
345
343
337
332
333
338
335
333
340
341
336
336
344
341
339
346
344
333
331
341
342
333
332
341
347