332
340
343
343
338
339
342
346
344
336
331
339
348
337
333
342
339
338
344
340
340
339
350
345
336
334
335
341
350
344
342
344
347
337
344
334
339
349
349
342
340
341
344
346
339
337
344
345
332
343
350
344
342
347
345
339
339
345
351
342
338
331
328
348
358
352
337
334
342
346
336
338
349
348
341
341
343
346
344
338
338
348
341
340
345
345
323
337
354
352
340
336
344
341
338
337
351
347
336
332
343
347
334
336
350
347
340
341
332
331
346
350
346
339
333
336
346
335
343
339
342
336
343
340
336
342
346
340
336
336
331
338
340
344
336
339
337
336
344
345
329
336
351
345
333
334
335
337
337
339
343
342
340
338
336
334
327
345
354
345
338
340
340
330
342
344
339
339
340
318
330
345
360
347
323
333
344
346
339
339
344
341
337
337
341
342
339
316
330
346
349
346
342
337
337
346
340
327
336
345
345
337
332
328
348
348
336
335
340
326
327
340
346
347
342
336
334
338
342
345
338
336
340
335
328
338
347
349
344
337
339
342
334
336
329
331
348
355
345
335
335
338
326
318
322
363
365
343
336
339
338
328
335
342
333
309
345
364
354
340
338
337
338
340
340
336
333
338
336
334
340
346
340
330
340
346
340
333
329
331
351
347
336
335
337
336
336
338
332
327
342
352
341
327
335
346
343
336
332
344
338
339
338
331
331
330
347
348
338
330
336
334
339
340
348
341
324
328
341
349
335
335
344
340
333
336
341
339
340
332
336
343
334
335
338
335
338
344
339
335
336
340
343
339
340
343
339
338
340
339
335
337
344
342
334
333
344
343
326
322
337
349
334
336
339
339
336
332
336
333
335
334
336
330
326
342
351
340
333
332
330
328
335
339
346
326
326
338
337
336
336
329
336
333
332
340
337
331
331
337
338
329
321
324
336
339
334
330
329
329
336
337
331
336
336
334
333
339
335
328
332
333
333
332
333
337
334
329
330
336
335
333
334
340
336
331
334
335
335
337
336
335
331
329
340
340
326
326
339
341
335
336
338
328
331
340
342
333
333
335
335
335
333
334
331
331
337
343
339
335
337
340
336
335
333
337
337
335
338
336
339
332
340
335
338
338
341
340
335
334
340
340
337
336
339
336
336
335
345
345
339
336
340
343
336
336
339
340
333
332
342
346
340
336
337
343
340
346
342
336
336
345
346
339
337
340
340
338
342
346
338
331
338
348
343
342
346
345
339
336
340
329
335
350
353
343
335
336
341
342
339
341
344
345
336
338
346
344
336
342
343
338
337
339
348
346
344
345
338
339
343
342
342
338
337
340
339
336
344
345
342
343
344
344
339
338
337
342
338
339
346
344
340
344
344
336
331
343
350
340
333
342
346
343
339
344
341
335
341
343
343
338
340
339
333
324
342
355
348
340
341
345
336
334
343
347
340
336
339
344
336
341
349
346
336
332
342
346
337
336
344
343
338
340
346
340
330
335
346
342
336
343
340
337
341
341
338
340
339
345
342
336
336
344
342
338
339
339
332
343
344
341
341
336
342
342
338
337
342
338
336
339
342
340
339
337
336
340
342
345
341
338
337
339
344
342
336
339
345
340
339
338
331
332
341
346
344
337
338
340
340
334
335
342
341
336
340
343
336
337
339
341
339
336
338
341
337
338
339
334
335
337
344
342
332
335
340
337
335
336
341
333
327
339
343
336
333
339
341
336
334
338
338
334
336
338
335
334
336
342
337
333
342
341
336
333
334
338
337
336
341
333
332
334
341
338
332
338
344
342
336
338
338
337
336
336
338
339
338
342
342
331
332
341
343
332
337
340
340
338
338
340
338
332
336
339
341
340
340
338
336
337
340
341
340
337
339
340
336
334
338
336
335
341
346
341
335
336
341
338
331
336
345
340
335
341
344
336
335
340
340
333
335
344
340
338
338
339
340
337
339
338
337
334
337
336
337
336
345
344
338
337
345
342
334
331
337
337
339
342
343
336
334
341
339
340
338
342
338
333
334
343
343
337
332
336
342
338
336
339
342
337
339
338
339
336
340
336
336
336
338
338
338
333
338
342
337
337
342
342
337
338
341
338
332
338
339
340
340
337
340
337
334
343
343
339
336
335
338
338
339
342
340
336
335
339
336
337
338
341
335
335
342
347
337
327
338
344
337
333
341
340
338
339
340
337
336
332
341
345
337
339
343
338
334
340
344
340
337
340
342
339
337
337
338
337
342
342
338
338
334
342
340
337
337
341
342
339
340
340
338
338
338
342
340
334
336
336
338