352
362
371
364
354
364
367
354
348
362
368
357
354
367
364
354
356
362
361
355
358
366
360
357
358
366
363
354
358
364
360
356
362
365
358
356
366
367
354
351
361
362
356
356
365
359
349
356
363
360
353
358
358
347
349
360
360
345
345
358
356
340
344
359
356
342
343
356
353
343
344
352
347
338
348
354
343
338
347
353
347
341
345
347
340
338
347
344
330
333
347
343
335
340
344
337
332
339
346
336
330
337
338
331
330
339
336
328
334
342
338
326
330
337
336
331
333
334
334
334
338
340
333
325
340
345
335
330
336
334
334
337
340
338
336
338
346
337
324
335
346
338
327
336
339
331
332
343
346
335
328
337
338
332
330
338
335
323
329
336
334
329
331
336
330
326
336
341
327
320
334
334
318
325
340
336
319
322
334
333
321
322
330
330
322
326
331
314
318
334
339
323
321
329
332
324
322
332
324
318
329
339
334
322
325
333
325
321
328
329
329
325
324
336
331
324
334
331
328
330
331
329
323
330
343
330
326
333
340
333
326
331
331
332
324
335
335
332
325
334
340
315
319
339
339
332
326
337
318
329
342
363
338
309
321
342
342
330
355
354
320
330
349
382
331
344
336
326
358
320
343
336
334
342
363
358
330
339
406
317
329
337
343
365
310
326
342
362
326
351
339
322
352
349
351
330
318
370
346
319
348
390
316
353
334
313
309
377
384
306
310
328
360
353
342
320
328
333
322
344
355
324
324
363
356
303
304
331
339
356
344
308
325
352
339
315
320
313
330
351
335
323
318
329
332
335
320
317
328
322
331
356
318
296
326
329
330
333
318
317
323
330
369
315
294
310
327
330
318
339
324
307
315
342
332
315
319
330
317
311
324
343
338
308
302
316
327
323
317
340
325
315
305
331
332
318
312
326
321
302
319
338
332
308
314
334
316
309
322
330
334
314
306
306
325
341
339
319
300
314
336
334
319
313
324
318
323
337
325
308
320
340
322
315
320
333
334
312
312
329
326
320
326
333
325
315
334
346
324
308
331
330
315
328
348
326
315
323
339
332
329
322
326
323
317
328
338
336
314
320
330
332
320
336
335
312
329
338
327
318
321
345
341
315
324
330
329
342
334
336
323
310
321
339
329
321
337
348
320
313
331
340
334
323
334
341
332
326
335
334
327
335
332
332
331
338
338
331
323
327
338
335
336
336
328
337
345
327
322
322
340
358
338
317
331
343
344
334
336
324
328
339
347
338
330
338
345
341
341
340
338
338
340
349
344
332
325
337
345
360
340
329
333
351
342
330
346
348
339
343
340
335
340
348
340
344
340
338
334
336
343
348
342
342
335
341
342
342
346
342
344
334
348
336
334
338
350
346
354
349
332
323
340
344
347
335
337
346
351
333
333
342
358
339
341
346
336
333
348
342
331
353
349
342
345
337
338
342
351
340
343
345
339
334
347
337
332
350
366
340
325
340
351
349
340
343
344
347
334
339
337
350
355
338
332
330
340
351
354
340
337
342
336
338
353
353
338
328
338
349
346
334
339
344
343
345
341
337
340
340
355
339
326
335
346
342
338
358
349
326
323
340
348
343
342
337
333
338
344
343
340
336
335
341
344
334
340
352
338
318
333
351
345
329
342
356
342
326
331
345
340
329
335
340
340
335
343
336
333
346
342
329
331
339
342
338
326
339
350
332
325
337
345
332
330
343
338
331
330
342
336
333
334
344
348
342
328
333
338
350
332
332
333
334
344
343
336
334
340
356
333
327
339
340
348
330
337
341
340
347
341
332
334
342
341
334
332
347
356
342
328
336
345
340
337
335
332
336
342
348
333
329
342
347
349
338
340
343
338
344
338
341
339
336
341
346
334
343
345
337
340
349
338
329
333
337
349
348
331
340
336
332
339
360
347
328
329
344
344
332
331
340
347
338
334
340
346
341
328
335
340
344
345
333
327
333
345
344
337
334
338
333
331
337
349
345
330
335
347
352
333
320
335
353
340
335
337
345
340
342
346
332
329
334
343
336
338
337
342
340
345
342
338
333
340
334
329
336
345
337
336
337
354
342
327
329
353
346
330
332
344
340
343
333
344
340
334
341
347
337
330
339
350
337
338
337
331
336
339
342
338
330
332
352
343
331
328
338
342
338
342
340
344
331
328
338
350
339
332
341
336
333
343
348
327
326
352
345
324
337
341
338
336
338
340
336
332
345
343
339
328
335
342
340
338
335
336
333
337
346
341
332
339
352
343
327
332
345
342
333
338
351
334
331
342
345
332
338
349