334
329
340
354
352
343
339
336
329
341
346
348
346
335
326
334
340
341
348
343
331
334
336
341
332
339
354
352
342
334
335
327
316
334
367
359
340
343
344
338
336
328
286
316
378
385
357
335
328
333
342
334
340
342
331
331
333
348
351
347
348
343
332
334
335
322
313
340
367
357
337
336
343
341
333
335
343
344
343
335
327
330
348
353
336
325
332
350
350
337
333
339
341
331
324
336
353
356
342
323
332
350
345
333
341
347
344
347
342
329
331
345
345
343
342
330
323
343
353
342
334
337
340
337
334
336
337
344
342
342
336
332
340
344
338
335
342
349
335
334
344
336
326
339
354
353
340
325
338
341
335
328
345
348
338
329
343
348
341
341
338
338
333
327
337
343
347
350
341
329
338
350
343
325
330
350
350
333
328
347
341
336
338
343
333
337
342
347
343
331
334
341
342
331
334
349
339
334
341
344
333
337
340
339
337
336
351
348
336
335
344
335
330
341
348
345
336
332
331
336
344
350
337
332
339
346
337
328
331
354
351
338
333
332
336
345
345
342
338
343
346
343
337
330
327
321
333
352
367
355
337
334
343
335
324
340
341
345
351
349
345
339
332
337
329
311
330
356
350
346
348
348
341
335
335
340
338
325
328
344
340
346
355
347
335
334
337
343
333
326
342
349
340
324
337
348
337
332
336
339
344
344
346
340
337
335
335
324
334
339
352
348
336
336
345
343
335
337
333
329
336
340
338
340
341
347
343
329
329
346
339
329
346
353
342
329
332
344
342
336
334
339
334
332
333
329
345
346
342
345
335
324
341
344
325
324
341
349
335
335
341
336
325
343
345
330
334
343
345
345
337
338
345
332
328
340
345
333
332
340
341
335
338
343
339
333
336
339
343
336
344
341
332
334
337
342
333
329
345
343
341
337
339
338
342
343
344
341
335
336
339
338
326
326
349
348
334
338
348
340
328
337
342
340
336
335
337
342
349
341
339
332
334
342
335
333
341
349
342
335
334
338
330
337
346
345
325
328
345
353
340
337
340
340
332
338
342
336
336
340
346
348
339
341
341
336
336
332
333
341
342
345
340
332
340
350
335
326
338
346
335
336
341
345
333
342
350
342
331
330
344
349
341
338
337
327
327
340
347
343
342
338
338
343
333
342
349
334
328
346
351
327
328
346
347
337
332
342
335
335
340
346
344
337
336
341
335
335
341
338
338
332
333
345
340
332
338
345
340
334
335
342
340
337
346
337
336
339
339
332
330
336
345
342
337
340
342
328
327
346
352
339
335
344
344
328
333
342
331
316
335
345
345
344
344
349
342
336
340
343
332
318
336
347
326
322
342
356
341
334
348
346
337
337
337
335
336
342
346
339
324
327
350
343
323
344
356
348
333
332
345
343
341
342
332
322
336
351
350
339
332
338
341
337
344
346
332
325
346
356
344
339
345
349
338
325
318
319
340
350
342
340
352
352
350
340
336
337
338
325
346
348
328
317
347
363
353
326
323
334
330
339
363
368
345
334
338
333
335
343
349
339
326
340
352
354
343
333
332
342
345
334
343
341
323
337
343
342
345
342
337
333
344
341
330
331
320
293
301
340
353
356
353
342
337
343
340
333
336
338
330
325
340
340
339
330
328
336
336
335
328
324
320
331
346
344
335
334
337
329
323
333
344
334
320
332
338
336
330
333
340
334
334
330
338
336
330
333
334
323
326
337
338
329
329
332
334
329
327
328
334
335
331
328
328
325
334
337
336
331
331
332
327
332
338
329
327
331
338
332
330
337
339
331
330
337
338
332
333
338
335
336
333
336
342
335
330
335
335
336
334
334
338
338
333
338
339
338
339
341
340
336
337
341
336
332
339
337
336
340
341
342
338
337
343
342
336
338
337
336
335
342
341
338
338
342
338
336
338
344
340
334
338
347
345
334
339
343
340
337
333
341
345
337
341
344
339
340
343
344
339
335
341
341
338
338
338
343
341
335
344
348
336
336
342
345
336
342
345
343
338
338
339
336
336
350
350
333
336
343
347
338
343
348
344
338
335
340
340
342
341
343
342
337
345
349
339
331
338
348
339
339
350
347
337
340
347
345
332
336
341
347
341
342
345
342
339
339
344
342
333
340
345
336
333
344
349
337
336
345
347
339
337
343
341
339
342
345
338
336
337
340
341
338
340
346
345
337
336
340
338
339
343
344
336
332
339
341
341
342
343
338
338
339
342
340
337
340
344
340
334
342
341
332
336
345
343
337
338
344
340
336
339
340
333
337
345
346
340