328
327
332
335
330
326
322
333
335
335
336
330
325
334
337
331
327
338
341
332
327
331
337
330
328
330
336
337
336
336
330
332
340
339
334
334
338
336
328
332
340
338
332
325
340
342
330
334
341
340
331
330
340
339
338
339
338
338
337
338
342
336
332
337
337
339
336
337
346
343
338
341
342
335
342
348
346
335
335
340
339
341
342
346
342
337
345
352
341
340
350
346
335
339
346
343
340
342
346
344
337
342
346
340
339
344
342
335
330
337
344
342
338
340
339
334
339
346
341
332
332
341
340
334
332
336
336
333
340
340
332
334
341
342
332
334
344
344
336
335
336
339
335
334
337
335
334
338
343
336
326
336
346
335
332
343
343
333
330
334
339
331
336
341
335
331
330
336
328
331
334
331
328
332
332
335
332
328
333
335
332
328
334
334
326
330
337
336
324
331
342
338
326
331
336
334
331
333
336
335
330
333
335
331
332
335
332
330
334
339
338
333
333
344
336
330
333
338
340
335
334
338
330
326
339
345
336
329
338
341
335
334
340
342
334
334
337
337
331
336
345
339
337
338
342
340
334
338
340
343
339
344
344
337
333
335
341
342
334
342
344
336
338
346
343
337
342
349
342
334
340
345
339
340
344
343
336
334
348
349
340
337
341
339
335
332
343
345
340
341
343
333
336
347
354
345
340
345
348
340
342
350
352
342
339
346
350
347
345
354
351
344
349
354
347
341
352
358
348
347
351
354
349
354
356
352
343
351
361
355
346
352
358
353
349
354
358
356
349
354
357
348
348
359
362
356
351
350
358
353
353
357
357
354
354
358
353
348
353
355
356
347
350
355
354
346
356
364
353
350
353
357
352
350
354
356
350
345
354
355
352
357
358
352
351
354
361
354
346
352
354
351
345
350
356
353
349
358
355
341
340
336
340
358
358
346
336
352
367
365
344
336
353
362
351
346
352
345
332
341
365
353
331
337
354
352
346
342
346
370
372
349
347
340
335
342
342
330
334
358
377
364
341
348
354
316
280
327
377
357
363
386
382
354
338
328
323
351
384
352
312
358
381
383
365
351
349
331
337
370
361
334
343
370
372
357
346
355
341
333
346
357
341
350
374
379
358
334
324
351
364
332
334
372
377
363
352
349
315
326
367
375
350
321
351
376
356
338
345
332
324
344
358
364
344
331
351
366
343
331
346
352
326
322
337
358
354
345
334
327
325
335
334
347
351
343
328
331
339
336
335
340
337
333
333
331
329
352
339
319
348
353
327
318
336
348
339
336
343
330
318
324
347
338
324
332
339
338
336
333
336
338
329
334
338
337
336
343
333
318
329
345
335
329
334
334
327
340
340
334
332
326
327
339
337
340
342
331
325
324
340
349
341
330
324
327
331
327
338
336
314
307
318
340
342
332
328
317
310
324
335
316
316
329
332
326
326
335
333
321
326
322
316
332
343
337
321
315
324
329
330
326
320
321
330
340
338
331
329
337
336
328
324
318
318
330
338
331
330
324
322
315
303
324
352
345
326
318
328
336
331
307
315
346
338
316
312
324
338
332
323
326
317
328
321
340
341
330
332
332
317
316
330
336
323
336
342
334
330
324
326
332
328
321
319
347
345
338
335
325
333
344
337
324
313
336
350
331
330
324
333
334
331
339
342
329
329
336
341
334
336
342
328
320
332
339
335
321
338
358
344
334
338
335
333
335
318
306
335
362
355
346
332
343
349
341
331
336
341
319
305
332
365
350
337
349
349
341
338
343
341
331
331
330
328
335
348
351
345
335
341
346
338
330
331
334
344
336
332
343
339
334
336
337
340
345
346
332
322
339
349
343
323
335
342
334
329
345
349
338
328
334
344
336
328
340
347
341
334
331
331
340
343
339
328
332
345
342
346
344
339
332
332
332
337
332
328
341
349
340
324
331
348
337
319
335
348
340
330
330
337
343
344
344
342
326
320
334
344
343
341
338
321
322
339
359
350
330
321
335
341
341
343
337
330
330
342
341
319
321
342
350
351
345
342
338
333
332
330
322
328
343
343
346
348
349
346
337
334
335
336
324
302
330
371
358
334
342
351
336
328
337
341
332
326
326
338
349
358
352
334
332
341
336
330
334
337
342
345
347
336
334
340
346
346
335
320
343
352
332
334
338
356
345
326
333
344
351
343
334
332
336
349
345
334
334
341
342
342
340
343
348
334
328
346
351
340
342
337
340
333
332
338
351
343
340
342
334
332
341
345
337
339
348
350
336
333
339
338
338
333
336
337
342
339
354
355
337
334