346
348
341
345
349
351
348
350
350
344
345
356
357
341
349
357
363
354
349
356
359
347
355
362
357
353
356
359
356
351
356
357
354
352
357
358
351
347
348
354
352
344
348
352
347
345
347
348
339
338
343
348
343
340
344
338
336
338
342
343
333
336
334
335
331
337
338
336
336
341
333
332
335
340
337
328
335
339
337
331
335
342
338
326
329
342
339
327
338
342
336
328
339
346
335
334
343
341
335
331
341
341
338
341
341
336
339
342
339
334
335
342
345
337
332
342
341
336
337
340
336
332
346
350
340
334
343
342
344
337
340
342
341
339
341
340
336
333
343
349
338
334
342
345
337
340
345
341
337
331
336
345
341
333
336
348
342
336
339
337
338
343
342
333
332
341
346
342
334
339
339
330
335
338
338
342
340
338
334
334
339
342
336
333
336
335
334
336
341
340
332
330
335
339
333
334
338
337
334
338
338
335
329
328
335
333
326
329
332
334
333
332
336
336
323
331
339
334
332
335
332
329
326
333
338
333
330
330
332
336
340
340
336
333
335
336
333
334
334
340
334
330
330
318
326
344
351
340
327
331
343
342
334
339
342
337
334
339
335
338
333
341
341
336
337
336
337
336
334
339
337
332
332
341
339
339
338
335
334
331
331
328
317
327
347
344
335
333
336
334
332
337
339
331
335
334
345
330
298
302
343
358
327
306
313
352
378
363
344
334
332
337
342
334
318
312
316
330
322
289
281
350
398
386
356
332
332
344
333
318
314
321
338
352
350
342
345
328
311
301
331
371
370
331
287
302
352
372
318
276
331
402
392
318
306
346
372
354
311
252
254
325
428
414
341
322
337
350
312
303
332
372
355
323
338
336
330
334
327
334
359
375
366
348
320
348
348
325
330
354
346
304
317
363
381
369
360
326
282
313
385
384
318
345
373
343
328
334
332
347
371
356
347
348
336
318
328
356
369
344
330
336
348
347
340
328
316
342
393
382
364
345
330
335
343
335
352
366
362
339
300
315
370
381
358
334
337
349
354
350
328
326
365
374
359
333
320
350
363
352
342
336
333
351
363
355
343
326
333
355
338
315
335
364
369
352
341
341
345
349
343
341
332
336
334
344
341
337
354
354
328
328
362
367
353
340
343
332
333
349
356
334
321
340
362
348
329
337
362
358
346
326
334
351
358
354
338
333
346
353
334
322
340
352
353
352
343
339
342
342
340
339
338
339
350
336
336
349
354
353
337
337
336
342
350
355
345
335
318
340
362
347
327
334
350
354
337
334
344
342
336
340
336
329
339
352
353
345
329
325
337
353
357
330
313
345
362
352
330
330
342
339
326
324
343
356
345
326
331
354
354
342
325
334
349
339
335
334
339
339
336
337
336
347
340
329
325
335
346
340
335
336
344
339
341
349
340
331
325
337
345
329
338
352
342
330
340
353
345
333
337
340
336
338
339
334
338
344
344
340
327
330
334
330
347
350
341
332
328
340
336
326
343
352
342
333
335
345
343
333
330
336
337
336
340
343
333
330
344
343
340
336
338
344
335
333
331
346
340
339
336
336
325
328
346
341
335
334
339
340
338
335
336
334
336
338
329
327
332
334
334
336
334
341
334
328
341
346
329
317
334
339
337
348
347
344
332
327
337
345
348
329
321
330
340
348
344
338
338
337
341
337
328
336
344
330
341
352
346
342
342
340
338
327
324
348
350
353
350
342
334
331
335
344
330
330
346
349
350
350
352
346
336
330
334
344
348
349
345
336
344
349
356
351
340
338
345
330
331
341
338
352
354
350
342
332
334
344
349
342
339
338
341
346
352
352
344
339
343
346
346
335
334
334
344
354
351
348
342
343
353
350
341
337
335
340
348
349
350
346
340
333
351
362
351
337
345
351
346
340
350
349
348
352
346
339
338
341
351
356
349
341
344
345
344
342
341
344
353
354
339
338
357
357
340
336
344
346
343
346
348
347
348
347
344
343
344
341
341
349
350
343
346
345
334
334
349
355
347
338
342
344
348
349
340
338
340
350
347
332
326
348
360
345
338
353
344
336
342
349
339
343
351
349
337
337
341
342
340
342
347
345
336
336
354
347
330
337
354
344
330
340
350
344
322
336
354
351
346
344
338
335
344
340
335
338
346
344
342
341
348
346
340
340
346
340
331
331
331
334
342
355
349
338
339
340
339
339
340
337
336
346
336
329
339
346
336
341
347
337
336
340
340
333
330
339
348
343
324
329
343
345
338
332
328
326
332
343
347
340
333
328
323
334
345
339
338
337
332