340
334
334
341
339
335
336
340
337
332
331
339
339
336
338
343
335
332
337
341
338
337
340
336
334
338
341
336
331
336
340
338
335
336
338
338
337
340
341
336
334
340
339
335
332
336
338
336
337
341
339
332
336
342
337
332
337
337
334
334
338
340
335
334
342
342
335
335
340
342
334
334
342
341
336
335
339
334
335
340
342
336
332
338
343
336
333
338
341
334
336
339
338
334
332
336
338
338
340
340
337
333
337
340
337
335
339
340
335
332
339
338
336
338
341
340
332
336
342
339
335
336
340
338
333
336
343
338
335
337
341
336
335
341
340
335
335
341
338
335
336
342
337
335
338
340
337
335
339
342
337
333
337
342
336
335
340
342
333
334
341
339
333
337
340
337
332
336
340
337
334
338
340
338
336
339
340
338
336
340
340
336
334
339
341
336
336
342
339
333
338
343
337
334
340
343
338
335
340
342
337
335
341
341
336
334
342
341
334
338
342
340
337
340
343
339
337
341
344
341
335
339
342
340
338
340
344
338
337
343
343
337
339
342
340
336
341
342
338
336
339
342
338
335
340
342
335
338
343
341
336
334
344
343
335
336
341
338
333
338
340
338
338
339
340
338
338
340
342
335
333
341
342
336
336
344
342
336
336
343
341
334
337
340
340
337
340
339
339
339
343
341
335
335
342
342
337
336
341
340
336
337
340
340
334
338
340
337
337
343
339
334
334
342
343
335
334
339
339
337
339
341
340
336
337
341
339
335
340
344
340
334
339
341
336
337
343
341
334
336
340
341
336
337
341
340
336
338
338
336
336
340
343
336
334
340
344
338
336
341
341
335
336
340
340
337
336
342
341
335
338
343
338
336
340
341
337
336
338
341
335
336
341
340
335
336
340
338
334
338
340
338
334
337
341
338
336
338
340
338
335
338
342
337
334
339
340
335
334
341
341
334
336
344
340
336
339
342
339
336
340
342
338
332
339
340
336
336
340
342
338
336
340
342
338
336
340
339
332
336
344
339
335
340
343
339
335
340
341
339
336
339
342
336
335
340
341
337
339
344
341
335
336
344
340
337
340
343
338
335
342
343
337
335
341
341
336
336
343
341
337
337
342
341
340
339
337
338
334
336
340
336
337
344
345
339
334
333
334
335
339
345
341
334
333
338
338
337
340
341
337
337
342
343
339
335
340
342
334
335
340
338
332
335
340
340
331
334
339
339
333
336
343
335
334
334
337
337
337
337
337
336
334
338
339
332
333
342
341
335
334
340
341
337
336
338
334
332
339
342
337
334
339
339
334
334
340
336
334
334
340
340
335
337
340
335
332
336
339
336
334
338
343
334
334
338
341
336
334
340
343
336
336
339
338
334
333
338
338
333
338
339
338
338
338
339
335
331
334
340
335
335
339
343
338
336
338
337
330
332
337
340
336
338
339
337
334
337
342
336
334
339
343
339
338
347
343
336
332
337
336
329
334
342
340
338
339
340
340
336
338
337
334
339
346
345
335
330
341
343
338
340
340
337
336
336
343
338
336
337
341
341
338
340
340
335
333
342
344
338
334
340
343
338
335
339
336
332
340
344
338
338
340
342
339
336
347
344
336
343
370
393
364
373
418
385
330
338
354
338
352
328
331
334
332
368
335
318
339
385
372
311
303
325
341
334
333
331
332
331
325
331
334
330
330
327
329
325
325
335
330
326
329
329
323
322
328
332
326
329
327
328
331
326
328
328
333
327
337
342
322
329
338
334
334
324
339
338
337
341
339
332
332
340
345
340
336
338
340
339
344
347
338
343
349
342
343
340
341
340
336
339
344
344
339
339
344
346
341
338
341
345
342
338
341
336
338
342
344
341
338
338
345
342
337
340
343
339
338
340
340
336
338
343
340
335
342
343
338
332
337
343
341
337
340
343
339
334
339
342
336
333
338
342
340
337
340
341
334
338
344
338
334
336
342
338
337
340
343
336
336
344
342
335
336
341
341
335
336
340
342
337
338
342
337
334
338
342
338
334
340
343
336
338
338
341
336
336
342
340
335
337
340
340
335
338
342
342
337
338
339
340
334
340
341
338
335
341
341
337
339
340
339
336
337
341
336
336
340
341
337
336
339
342
338
335
336
341
338
335
340
339
335
336
342
339
334
335
342
341
337
339
343
340
336
339
340
338
336
341
344
338
336
340
342
338
335
339
341
335
337
342
340
335
337
342
339
335
339
342
338
336
340
339
335
337
342
343
337
338
344
342
341
335
339
341
338
339
344
340
336
340
344
340
335
339
343
338
338