337
350
342
325
334
347
344
332
342
349
337
326
337
347
335
329
342
346
339
334
343
343
336
335
340
341
333
329
346
343
329
340
348
332
323
344
346
333
330
338
343
335
335
342
341
334
332
349
340
325
332
349
343
332
332
345
336
329
336
349
335
325
343
350
333
333
344
341
334
330
342
342
334
329
344
341
323
336
348
342
329
336
341
333
335
346
350
329
329
342
346
328
330
346
345
330
331
344
347
333
336
346
341
324
332
344
340
332
342
344
330
330
343
345
329
330
346
347
328
332
346
339
332
344
344
334
328
340
346
338
329
340
344
334
329
345
346
328
325
347
351
336
328
336
342
336
330
341
340
332
339
341
334
330
338
346
335
327
337
354
336
326
338
341
334
335
341
339
332
335
344
345
324
329
346
339
327
337
348
337
325
340
346
336
329
337
345
338
337
338
340
333
333
345
337
334
338
339
338
329
333
341
341
340
338
341
332
331
345
346
331
323
340
346
338
331
341
344
331
338
347
337
324
337
350
340
322
332
352
346
330
336
344
336
339
345
338
326
332
345
346
339
330
339
340
334
333
345
341
335
343
340
332
330
337
348
340
331
337
342
334
336
347
340
329
333
342
338
334
338
346
345
328
334
341
336
333
337
342
336
333
341
346
333
329
344
346
330
330
341
340
334
334
340
337
333
340
345
333
326
342
342
333
330
339
345
336
329
342
342
329
330
345
345
331
330
339
339
331
335
347
336
326
332
348
338
328
340
340
333
335
344
339
326
334
351
344
328
329
343
339
333
336
342
342
335
342
350
346
341
343
347
340
338
351
352
335
333
349
346
336
339
348
348
340
339
346
345
333
336
354
342
331
340
350
338
333
342
346
344
338
345
346
337
331
343
352
333
330
347
346
337
341
349
338
332
344
354
342
335
340
349
340
338
347
349
335
338
351
350
333
333
348
350
335
338
347
338
327
342
350
338
330
340
351
338
329
338
342
334
333
344
341
331
328
340
345
333
326
340
340
326
331
342
338
334
332
338
334
330
337
340
330
327
334
340
331
330
339
340
325
322
342
342
329
331
343
336
326
334
333
336
334
338
342
331
329
341
336
325
339
347
338
326
330
343
338
336
329
344
341
330
334
341
336
333
333
343
336
325
343
348
336
333
340
342
331
333
348
341
328
337
348
341
331
337
349
340
330
341
349
338
327
338
346
335
327
342
346
331
332
348
346
331
333
350
346
332
338
348
340
331
341
345
338
335
343
346
333
332
346
355
335
330
343
346
335
334
341
342
329
338
343
338
332
341
346
331
331
344
351
331
329
345
346
332
329
342
346
334
332
342
342
335
332
340
341
332
339
346
337
328
341
350
336
331
342
342
340
337
343
346
332
333
345
344
328
337
347
340
326
336
351
342
322
332
342
342
331
338
344
333
337
349
342
325
334
347
345
325
330
351
346
328
329
350
338
325
337
351
338
329
330
343
338
332
332
330
325
332
345
342
326
334
344
336
328
336
344
335
325
333
348
342
329
328
341
342
337
339
327
328
335
344
341
324
322
348
349
326
330
339
333
322
333
347
341
328
334
349
340
331
330
340
340
334
347
347
324
330
347
343
325
332
344
339
327
335
350
339
329
332
344
344
331
333
346
336
335
356
350
320
330
377
396
342
366
443
357
252
332
476
385
223
295
435
319
280
372
361
331
308
394
347
282
308
358
402
338
305
328
336
308
346
356
325
328
336
344
343
330
336
343
328
328
334
354
327
310
327
342
336
334
338
336
332
332
343
339
330
336
342
332
331
330
341
336
329
336
341
329
332
346
343
322
327
346
341
323
330
341
337
327
331
334
337
332
329
337
336
328
340
338
330
325
330
337
337
335
340
338
320
329
341
341
328
334
346
337
329
336
346
337
324
331
348
343
328
339
341
328
335
347
349
334
331
341
341
332
334
348
340
327
330
346
340
332
341
347
338
329
339
351
340
333
338
344
333
330
344
343
331
335
346
343
335
336
349
340
328
332
340
338
334
341
346
333
330
342
343
333
328
343
347
333
332
342
339
335
335
348
341
327
334
350
332
328
337
350
336
326
338
348
333
325
338
348
336
332
341
342
330
334
349
341
323
334
349
340
327
335
345
337
330
340
343
332
332
342
343
331
331
340
342
327
329
346
346
330
332
335
340
339
337
344
337
330
339
346
334
327
336
345
336
329
340
342
330
330
345
351
324
320
347
348
330
334
347
341
330
333
340
340
333
340
346
335
330
345
340
334
340
346
342
330
335
348
349
327