342
337
335
342
340
337
338
342
337
335
340
341
335
335
339
339
337
336
341
340
336
339
341
339
336
336
339
340
336
338
338
336
337
341
341
336
337
342
340
337
336
338
340
336
338
338
335
337
339
340
338
336
339
340
338
337
339
340
339
337
338
343
340
338
341
344
336
332
339
344
342
343
345
341
336
338
339
334
333
337
336
332
330
335
338
336
334
338
343
337
335
338
338
334
335
340
343
338
340
342
339
337
344
345
340
338
342
343
337
339
343
340
336
341
342
341
339
339
344
341
336
340
343
340
339
338
339
338
341
345
344
338
340
343
343
337
338
339
340
338
341
342
340
337
338
341
338
337
339
341
338
338
345
343
335
337
343
342
338
340
340
340
341
341
342
340
336
341
341
340
337
340
342
338
337
340
343
337
336
342
342
337
338
341
340
335
337
342
339
333
337
343
338
336
341
341
338
340
344
344
343
343
345
346
341
343
347
347
344
346
349
350
348
350
353
352
348
352
357
351
348
352
353
350
347
350
352
348
348
352
351
345
346
351
351
345
343
348
344
343
345
348
344
338
343
346
342
340
340
343
342
337
338
342
337
336
342
341
336
337
338
337
335
336
336
332
334
338
338
335
331
338
338
332
332
339
336
333
336
338
335
330
332
338
335
329
332
337
333
330
334
336
330
330
335
334
333
331
338
334
329
332
338
335
331
334
337
335
331
336
337
332
331
334
336
335
334
335
337
332
332
336
334
331
334
338
334
332
332
336
335
330
335
337
333
330
335
336
331
332
336
337
330
331
337
337
334
334
336
335
334
336
338
336
332
335
339
336
333
338
338
334
330
340
341
332
334
341
338
333
334
340
338
332
334
340
337
335
337
339
338
335
341
341
335
334
342
341
334
333
340
339
338
338
341
338
335
338
343
339
335
340
343
338
336
341
343
336
334
341
340
337
339
343
339
334
336
340
338
339
339
341
338
336
340
340
336
336
338
341
334
336
341
340
336
338
339
338
336
339
342
338
336
338
341
338
333
338
340
338
335
337
337
334
333
339
338
333
336
341
340
336
339
340
336
333
336
337
338
337
340
339
334
333
340
339
332
332
340
340
336
334
342
342
338
336
335
334
333
337
340
338
336
337
341
340
337
342
348
344
340
348
351
347
362
374
362
372
412
433
394
334
350
392
342
316
370
351
267
229
300
352
341
336
371
365
313
313
315
300
308
331
349
338
328
326
310
322
320
316
328
324
322
328
331
322
322
326
325
320
326
329
327
328
325
335
327
320
326
328
332
331
334
330
327
332
335
336
332
335
337
337
336
332
335
338
336
335
339
334
333
338
337
337
335
340
340
335
333
340
343
336
335
340
341
340
340
341
339
334
339
345
340
333
338
341
341
342
342
340
335
336
342
343
339
334
342
341
342
339
341
340
338
338
343
341
335
338
343
337
337
344
344
334
335
342
345
337
337
340
340
340
340
341
339
335
336
343
343
338
339
341
338
337
342
344
337
334
339
338
335
337
343
342
334
334
337
342
336
338
342
339
336
338
342
341
334
338
340
338
334
338
340
338
339
340
336
332
334
337
340
335
336
340
339
332
337
340
337
337
340
341
337
337
340
340
336
336
342
338
332
336
346
345
336
336
340
339
336
337
337
336
337
341
343
339
338
344
344
331
329
342
345
337
335
342
340
335
333
338
342
340
340
341
338
337
343
341
333
332
340
344
339
338
344
341
335
337
344
340
336
337
343
341
340
343
344
338
331
340
344
338
334
342
346
339
337
344
342
336
336
341
342
338
341
346
340
332
338
344
341
337
342
342
339
336
342
342
340
336
343
345
335
335
343
343
338
338
343
340
337
340
344
335
338
342
343
339
337
341
339
334
338
345
343
339
338
341
341
335
335
341
343
339
340
343
339
337
341
338
336
337
343
343
336
334
340
344
341
340
336
338
338
338
341
339
336
336
339
341
339
342
343
338
337
339
340
336
336
343
342
334
334
340
341
332
337
344
339
336
337
340
339
336
334
336
338
340
341
341
336
334
340
340
339
336
338
338
338
340
344
339
334
337
343
335
336
341
344
340
336
339
342
340
335
337
342
339
337
340
340
336
338
337
339
334
337
344
340
335
337
340
339
336
338
346
340
337
340
342
339
339
341
336
335
342
346
342
335
337
341
338
337
338
340
336
333
339
341
334
331
341
342
336
335
338
338
334
332
338
338
337
337
339
337
335
338
341
335
330
338
342
336
333
338
341
334
332
335
337
338
338
340
338
333
338
341
339
334