326
326
330
329
326
323
338
340
331
324
327
333
330
328
328
330
328
328
336
336
326
327
330
329
328
331
335
333
327
336
339
328
321
335
336
328
324
336
340
326
325
326
328
334
333
337
336
325
326
337
334
334
337
340
328
328
335
337
332
325
329
336
338
334
333
335
336
332
337
337
333
333
337
339
331
330
332
337
340
340
337
333
326
340
347
335
334
337
336
332
336
344
340
331
338
346
342
333
338
341
336
334
341
344
333
332
343
348
337
337
344
346
339
334
343
344
339
336
337
342
332
336
341
343
330
336
346
341
329
340
341
335
330
333
334
330
327
332
332
325
325
329
329
324
330
340
335
329
332
336
333
329
332
335
334
334
337
338
331
327
338
337
332
337
338
336
330
335
337
339
334
333
342
339
333
336
338
334
331
340
338
331
331
339
339
333
332
342
340
332
337
341
340
334
335
345
338
329
335
342
342
332
332
338
341
336
339
344
337
333
336
341
339
336
342
342
331
334
344
342
330
332
344
342
338
339
341
338
336
340
345
338
330
336
341
341
338
340
343
336
336
342
335
331
338
341
338
329
342
350
340
331
338
347
341
331
335
341
336
335
341
342
333
328
340
343
333
332
338
333
326
339
348
346
332
336
343
340
334
338
341
338
335
342
343
332
332
342
338
333
339
346
338
329
337
346
344
338
339
342
336
333
337
342
338
332
341
343
338
336
343
342
334
328
334
336
336
348
353
344
330
334
346
343
335
339
343
335
333
341
343
338
333
338
336
328
331
350
348
335
335
343
343
337
335
340
338
330
339
345
343
335
335
340
334
332
341
348
339
337
343
345
338
334
339
339
334
339
343
343
338
338
342
338
333
334
340
341
333
342
348
340
336
341
340
335
336
335
336
337
336
339
340
334
336
339
334
329
335
339
332
328
337
345
336
329
333
341
336
331
336
338
334
332
335
334
328
336
344
337
321
326
337
337
332
330
340
338
330
333
335
328
331
338
340
331
325
331
333
331
323
336
331
326
325
337
340
332
330
338
334
327
335
334
329
325
334
337
327
328
339
336
330
330
334
335
332
331
338
334
331
334
337
336
326
326
338
339
332
332
336
333
326
335
340
335
330
331
328
324
340
347
339
330
332
344
338
323
335
351
344
328
338
346
336
323
326
340
337
328
338
342
325
338
354
339
334
334
347
353
342
327
335
352
335
339
355
322
338
365
342
337
318
329
364
356
346
329
353
338
324
359
363
346
343
312
321
366
371
347
336
348
353
345
349
354
348
350
350
340
352
343
335
341
351
360
353
344
344
348
359
363
358
347
344
348
336
327
357
368
362
344
336
345
350
348
347
325
339
362
368
362
339
329
357
367
349
332
350
357
351
348
350
353
334
340
360
352
327
344
358
359
345
335
349
352
334
337
341
345
348
348
350
348
327
340
362
350
340
349
350
340
346
350
345
345
342
342
339
341
350
352
344
339
343
345
342
344
353
347
334
339
356
355
338
335
349
354
334
324
352
356
336
335
350
341
328
338
347
337
343
347
342
334
330
348
355
340
326
343
348
328
330
346
347
326
331
346
350
338
333
342
346
324
330
350
341
331
340
348
336
318
327
350
343
324
334
340
327
334
344
344
334
337
343
340
327
321
340
347
330
327
331
327
340
344
342
330
326
337
337
321
331
343
344
334
329
335
341
331
326
335
334
317
330
350
346
327
332
340
335
330
330
333
329
334
344
337
325
327
338
340
324
332
339
333
320
331
337
327
327
334
334
334
337
344
344
328
319
332
346
338
321
331
332
334
335
339
336
327
330
338
338
331
331
337
339
330
330
338
338
333
333
331
328
324
338
342
327
328
336
332
336
340
340
335
328
332
333
335
328
328
340
331
327
332
342
332
330
332
331
334
340
338
338
334
331
338
340
332
326
335
342
338
324
334
342
340
329
335
341
338
334
333
328
337
347
338
326
336
343
337
328
329
331
339
341
340
338
334
340
344
339
335
321
332
345
342
332
339
336
334
334
339
344
340
334
339
343
334
332
339
339
339
333
334
347
346
341
335
338
343
344
345
333
330
341
346
344
345
340
335
338
346
350
346
333
340
347
345
336
343
352
342
332
340
346
346
345
341
345
344
340
344
341
340
340
349
347
341
341
345
343
340
342
351
345
335
335
342
343
334
342
347
347
338
344
349
341
329
345
346
340
339
345
345
343
342
339
340
337
344
350
343
341
345
344
343
333
337
352
350
345
349
350
336
340
346
346
332
329
350
356
341
334
332
347
347
345