342
335
331
339
338
338
334
338
337
332
335
341
337
330
338
342
336
332
334
339
334
332
342
342
337
330
337
338
335
337
339
337
332
334
342
337
333
341
342
331
334
342
347
332
329
342
343
331
332
342
345
332
332
339
337
336
338
343
330
329
339
341
338
334
336
338
334
339
344
338
329
335
344
337
332
334
340
341
330
334
339
334
334
344
340
330
332
344
343
332
332
338
339
335
338
341
339
332
333
339
337
334
337
339
338
331
338
341
334
336
339
337
329
334
345
342
330
335
346
339
331
337
347
334
330
340
344
338
331
338
340
335
337
344
341
334
338
341
335
329
338
344
336
333
342
349
336
327
336
338
333
335
344
342
342
334
334
336
332
336
343
339
334
341
345
333
336
339
340
334
337
345
340
332
336
342
342
334
337
346
337
332
338
343
339
331
337
342
343
339
338
338
332
336
343
340
336
336
341
340
336
336
342
337
332
338
340
334
333
341
341
331
331
342
340
332
335
347
339
328
333
341
344
336
334
341
334
330
338
342
335
333
342
344
332
333
343
339
332
338
341
336
330
338
348
340
332
340
343
330
329
339
342
334
338
340
343
335
333
341
341
334
337
345
336
332
339
345
341
332
338
345
339
330
340
345
336
335
343
341
332
335
345
338
334
338
345
342
336
336
341
337
334
347
345
332
329
341
343
339
342
342
340
336
339
348
342
332
339
342
337
335
342
344
334
333
344
348
334
332
340
343
335
338
346
337
331
340
343
339
332
336
343
340
332
338
344
339
333
338
340
334
340
345
336
330
336
344
340
333
334
341
340
336
340
342
333
334
344
341
332
332
344
348
332
330
338
339
334
337
343
346
335
330
340
338
332
338
342
334
333
344
339
332
340
346
340
328
332
342
339
334
336
343
336
332
338
342
336
333
341
343
330
330
341
342
331
334
341
338
331
333
342
342
333
335
342
350
359
346
331
322
328
357
400
358
297
308
344
377
358
314
304
314
342
378
346
297
306
330
330
324
331
334
322
318
328
328
324
317
330
347
330
316
367
511
496
323
294
343
524
657
656
499
321
377
472
628
514
9
8
177
442
292
287
465
229
78
152
397
593
502
270
104
102
261
336
363
553
369
86
107
271
357
340
329
343
272
262
313
365
327
304
335
341
415
432
265
223
285
324
308
323
308
291
300
320
334
320
338
337
310
319
344
334
332
340
352
353
354
360
362
375
373
350
365
367
354
370
371
367
356
350
363
372
360
363
368
362
348
351
366
352
354
353
358
352
348
358
362
353
349
351
349
338
345
354
348
345
350
349
343
343
355
354
333
332
344
349
343
343
346
342
331
338
348
343
332
336
338
335
333
342
344
341
328
330
335
332
335
341
335
324
328
339
340
325
334
335
327
325
336
340
325
324
332
336
330
332
335
334
320
324
335
341
330
326
330
329
324
332
337
323
325
330
335
325
324
333
338
326
322
334
339
322
322
333
334
320
321
333
331
322
331
347
328
310
324
337
326
320
329
336
332
322
331
332
320
322
332
332
325
335
332
321
320
334
333
324
322
332
336
330
331
333
337
317
316
330
333
324
326
339
341
318
321
335
331
324
332
339
333
328
325
332
329
327
334
334
328
331
350
337
318
326
336
335
326
330
338
333
333
334
332
327
329
341
336
329
329
339
341
327
324
334
336
331
331
344
342
324
324
335
334
330
335
342
334
328
333
335
332
330
335
336
332
339
346
330
322
332
340
334
329
337
341
332
331
341
346
336
324
335
338
331
336
348
347
326
326
339
340
334
339
342
336
331
342
355
336
325
335
342
334
334
346
340
333
337
345
341
336
340
344
339
333
338
343
336
335
340
342
334
336
343
346
330
333
345
340
332
336
344
339
335
354
347
330
321
338
345
338
332
342
344
335
333
340
339
333
339
341
337
338
344
338
335
336
338
340
335
335
344
347
342
342
339
331
327
336
344
342
336
343
347
342
327
332
341
342
334
341
345
332
332
342
344
334
330
341
343
343
331
333
335
333
339
345
336
335
348
340
332
331
339
342
334
334
345
353
332
326
338
343
333
336
345
344
335
333
341
337
333
340
343
338
343
349
336
328
329
340
341
334
336
344
346
340
337
345
332
326
336
345
337
336
345
347
332
326
338
340
334
335
343
341
337
345
348
335
327
337
345
340
337
340
343
336
329
338
342
338
336
343
346
336
328
338
338
334
340
346
342
330
338
343
334
330
342
345
336
340
342
340
332
334
342
347
334
332
342
339
335
337
346
340
335
336
341