338
341
343
341
337
341
344
336
333
342
343
337
334
344
348
336
334
341
344
339
337
342
342
337
337
344
345
337
338
341
337
338
345
348
338
333
342
345
338
340
350
351
332
334
346
344
336
344
347
344
338
340
343
339
336
346
353
334
330
344
347
337
337
352
346
332
336
346
340
335
343
346
338
333
341
347
341
338
339
341
337
339
346
343
337
337
344
342
336
340
346
340
332
339
346
341
335
344
347
336
339
342
341
334
336
345
346
341
340
344
339
337
343
348
341
335
342
343
337
334
343
346
335
336
346
344
331
335
348
344
337
336
345
340
335
346
349
338
331
340
349
340
332
342
345
342
341
341
338
335
344
347
340
330
338
347
340
334
341
343
342
336
341
345
336
336
344
344
336
333
342
346
336
335
344
349
338
337
341
337
335
340
346
340
332
342
344
337
336
340
345
334
332
343
340
332
335
343
336
332
336
340
336
335
339
340
336
327
339
340
334
338
342
336
332
336
343
340
334
338
344
342
331
336
345
336
332
339
341
336
333
345
343
335
333
341
341
334
341
345
338
331
336
343
339
334
340
344
338
332
338
343
334
332
346
338
329
336
344
340
330
337
345
338
331
338
345
337
327
336
341
338
336
345
339
328
332
342
340
334
331
338
339
333
336
345
337
327
338
348
335
331
338
336
331
334
344
342
328
330
342
344
341
331
335
336
334
345
342
333
329
335
342
335
333
341
342
333
335
341
340
333
334
339
337
331
336
344
337
336
335
338
334
334
340
348
332
325
337
340
333
334
343
336
328
333
344
340
332
333
342
335
327
334
340
335
331
338
344
335
334
337
341
328
330
338
339
336
337
341
338
332
339
347
334
332
338
337
329
329
340
342
334
337
340
336
331
339
343
338
330
329
338
335
329
339
342
328
325
339
345
334
324
332
337
332
336
341
337
331
335
341
338
330
334
345
341
326
336
343
330
326
339
342
335
331
340
345
332
328
339
347
332
333
336
334
331
336
344
340
353
373
341
327
343
356
364
338
327
339
352
352
352
372
367
322
358
378
348
299
322
349
339
356
334
328
342
334
326
332
328
336
346
327
318
332
349
336
316
329
345
332
317
331
331
326
323
334
334
324
324
338
340
324
324
335
334
326
325
331
332
331
331
333
326
324
341
336
329
329
338
338
328
327
338
345
338
342
341
336
330
341
347
336
336
346
350
342
334
344
352
343
334
344
346
336
339
349
347
340
337
344
343
338
339
347
343
336
342
348
344
338
344
344
342
342
346
342
333
338
345
344
334
340
348
345
338
340
342
336
338
342
346
343
335
338
340
333
336
347
345
334
337
347
343
335
335
341
338
333
343
344
338
332
339
343
334
334
343
351
337
327
336
342
335
335
344
345
334
333
340
334
332
339
344
344
338
331
334
333
335
339
339
332
336
343
334
330
338
342
334
330
340
341
337
336
333
340
337
330
339
342
334
336
346
340
330
337
341
336
332
338
345
337
331
337
341
334
333
342
351
339
331
333
344
332
329
340
346
334
338
341
334
328
338
344
335
331
338
341
335
334
342
344
333
334
342
337
330
333
342
338
334
333
340
334
332
338
341
336
328
337
341
334
335
338
343
332
329
338
340
332
334
343
339
332
334
340
336
332
338
339
336
331
337
340
337
343
343
332
324
333
343
342
332
333
344
336
333
339
343
334
330
338
344
340
333
337
342
325
326
339
342
336
335
341
342
343
332
333
332
333
340
346
339
337
339
339
334
332
340
339
332
335
343
341
334
332
341
336
328
339
346
336
325
333
343
337
331
338
340
333
333
340
339
336
330
340
335
327
334
340
334
329
338
345
331
324
335
343
338
330
333
337
332
331
339
339
330
335
342
334
325
330
338
337
332
336
339
334
332
336
336
342
327
332
335
331
331
338
338
335
333
336
330
328
337
340
337
328
331
341
334
327
339
344
326
324
336
344
332
329
337
333
329
333
338
332
328
341
342
326
322
336
342
336
328
336
339
330
330
344
335
326
327
336
335
331
335
340
330
324
331
337
334
325
340
336
331
326
334
339
331
328
338
348
326
321
333
335
329
333
339
335
336
338
332
327
330
340
336
329
331
339
339
331
327
334
336
332
331
339
338
334
336
336
331
334
340
342
329
329
340
342
331
328
338
339
332
335
342
337
340
338
332
328
331
337
340
333
330
340
347
335
333
335
335
328
330
339
340
334
331
338
338
335
334
338
338
330
346
344
331
324
335
336
333
333
339
342
334
330
341
341
330
337
340
339
341