347
334
324
334
344
337
328
334
342
334
332
340
342
330
331
342
340
327
331
341
347
334
331
343
336
334
337
345
342
336
338
342
337
337
343
341
337
337
338
340
331
332
343
337
329
340
348
328
323
336
341
335
330
339
340
331
332
338
341
332
329
338
342
334
334
336
333
327
336
345
336
332
342
343
333
328
338
345
332
328
339
341
328
332
341
338
330
336
342
337
331
338
343
339
335
340
339
336
330
339
347
338
334
340
340
332
339
348
341
330
340
344
336
328
343
345
334
331
336
342
336
334
344
350
339
330
338
342
335
335
342
338
331
341
345
336
337
340
342
334
332
341
340
330
331
340
339
330
330
341
340
333
333
339
343
330
330
340
335
333
343
340
329
332
341
337
330
333
348
343
326
327
340
339
333
337
349
338
329
336
342
338
334
341
343
332
332
344
343
334
337
346
339
333
337
345
344
335
333
342
336
334
341
346
341
332
337
344
334
333
343
340
334
339
342
340
329
333
343
340
334
339
339
337
333
346
343
331
331
343
343
334
338
344
339
331
335
343
339
334
336
344
336
336
342
343
333
331
347
342
327
329
342
343
331
331
341
342
330
334
343
335
332
346
334
326
327
338
342
334
332
338
338
332
334
342
336
327
331
339
337
332
337
347
336
328
334
339
337
332
336
344
338
331
340
343
334
332
342
344
338
332
338
334
330
336
341
339
333
336
336
331
331
336
340
335
330
338
342
327
326
339
343
328
332
340
336
328
338
342
335
330
337
345
336
327
341
343
333
334
347
348
338
332
337
347
381
405
373
348
385
390
325
314
365
404
340
313
348
300
316
322
361
375
302
310
326
331
323
324
329
338
340
328
325
325
343
343
306
299
316
329
328
326
321
327
333
329
314
317
330
329
324
322
324
325
320
332
327
318
320
321
325
324
326
328
330
326
332
336
333
318
324
336
337
327
337
340
333
331
340
341
340
339
336
336
334
338
352
345
333
334
350
353
335
332
344
348
340
343
346
343
342
351
351
342
338
346
350
341
344
349
344
343
343
352
347
340
339
348
349
342
342
347
344
345
345
350
342
338
346
349
342
340
349
346
338
342
352
344
336
342
351
339
335
343
348
342
337
343
347
338
338
343
347
339
340
344
348
338
336
345
342
339
343
349
335
334
340
342
337
334
342
350
340
326
338
343
336
340
346
340
335
334
340
339
333
338
342
336
333
358
349
323
324
342
344
335
334
346
348
334
328
342
338
329
335
341
337
338
346
333
327
331
340
339
333
335
347
335
326
332
345
339
332
335
342
342
341
336
338
332
330
337
342
334
333
355
344
320
326
343
339
329
333
342
339
334
336
350
334
326
340
340
331
330
340
346
330
326
337
345
339
331
336
337
330
335
342
343
335
328
336
336
331
335
349
339
324
335
346
337
324
333
339
333
333
343
340
335
336
337
335
326
332
341
338
333
339
342
333
328
337
340
336
335
344
338
329
327
337
337
329
332
342
340
333
334
340
334
329
337
344
334
328
336
336
332
334
338
339
334
334
341
338
331
332
340
340
331
336
350
338
326
332
340
336
336
342
340
332
332
339
336
330
340
341
332
328
334
343
344
334
333
335
336
335
333
334
334
334
338
339
333
335
340
338
330
338
340
333
330
338
339
333
334
338
342
333
338
337
333
330
336
346
338
326
330
341
338
331
334
343
337
330
343
343
331
329
339
338
331
327
336
340
334
330
336
341
329
332
339
343
335
327
332
331
328
334
344
338
332
332
337
331
329
338
340
341
335
333
333
328
334
341
338
337
333
335
329
328
334
340
336
331
338
342
324
325
336
339
332
341
341
331
324
339
343
334
329
341
341
331
329
339
341
334
334
347
347
330
328
341
342
329
329
342
344
334
331
335
334
333
337
343
338
339
344
336
328
333
342
341
335
336
346
341
331
334
344
341
334
342
354
340
328
333
339
336
333
340
342
336
340
350
340
332
326
338
342
335
336
347
339
334
338
342
336
337
345
344
335
322
335
344
335
332
341
340
337
342
342
334
331
332
342
337
331
336
342
338
336
343
341
336
347
352
329
321
332
346
342
333
340
340
337
331
337
351
344
328
332
345
340
332
337
341
338
337
340
342
335
335
343
340
335
339
342
338
334
338
337
332
334
341
340
337
334
339
344
336
332
344
343
333
331
340
343
335
332
341
341
334
342
345
336
335
340
340
334
331
342
355
332
326
337
339
334
338
346
340
328
334
343
341
338
336
343
335
332
340
338
332
334
345
347
336
336
340