333
335
340
337
328
333
343
338
329
336
345
335
329
348
348
332
323
341
345
328
328
346
343
330
336
348
338
330
338
345
332
324
339
346
337
329
339
345
334
331
344
345
338
333
338
342
330
332
344
339
329
336
347
339
333
342
351
335
328
342
351
343
327
335
343
333
334
347
348
333
332
346
343
332
341
347
338
332
343
356
338
327
337
346
334
330
340
344
331
332
346
342
330
334
350
345
333
332
343
335
328
340
344
334
327
341
342
329
327
342
344
330
335
340
336
324
330
345
344
327
328
343
336
326
338
350
335
321
336
346
340
330
340
345
330
328
344
344
332
335
346
338
327
334
349
341
325
334
346
333
332
346
345
333
330
339
349
331
328
342
342
336
338
344
334
329
338
349
338
326
339
348
336
330
345
348
330
325
345
347
330
334
340
341
333
333
345
343
331
335
346
344
332
341
346
335
327
340
353
336
327
340
346
332
332
348
346
330
333
349
345
334
334
343
341
331
339
344
334
328
340
346
332
328
341
346
335
330
342
348
328
328
340
336
330
338
347
333
325
338
349
333
324
340
345
334
327
340
344
332
333
346
344
330
331
345
341
328
336
348
334
326
339
344
333
327
337
346
335
330
343
345
333
334
347
343
328
335
350
337
327
336
347
340
330
340
350
335
327
343
349
332
331
342
343
331
330
343
342
329
334
347
341
331
339
350
344
330
336
340
334
330
343
346
334
329
343
345
335
338
344
341
329
336
349
341
330
340
349
334
325
340
347
335
330
343
351
335
324
340
347
337
338
345
338
327
337
348
339
330
342
352
338
327
341
351
337
329
340
344
335
334
344
340
332
335
348
343
330
335
349
338
327
337
356
352
348
372
408
421
362
364
358
355
368
347
347
320
359
367
362
312
360
367
323
308
350
357
346
360
354
334
325
345
375
374
314
308
343
360
343
334
345
347
343
334
344
352
340
331
340
333
331
342
348
337
323
338
348
327
321
338
349
328
327
332
338
324
329
348
337
319
329
342
329
322
342
349
335
320
339
352
332
323
343
341
330
328
344
343
322
334
353
336
324
334
340
335
328
346
338
324
320
337
346
332
324
338
339
326
336
346
330
316
332
344
331
318
332
338
329
319
332
345
329
325
337
340
328
320
335
338
323
326
340
334
320
332
348
336
315
328
341
332
325
338
345
322
321
335
340
325
325
340
339
332
340
334
326
319
329
343
336
324
336
347
331
322
335
349
328
317
334
341
328
328
342
351
322
323
336
336
325
332
346
336
326
338
345
336
324
334
342
330
326
342
343
330
325
340
340
324
323
339
338
326
333
352
338
326
332
340
330
324
338
345
334
332
341
340
326
326
343
349
327
325
341
342
328
337
348
334
327
337
348
337
331
343
345
331
332
346
343
326
329
344
342
331
332
344
340
326
334
347
344
333
345
347
331
324
342
349
334
333
345
345
328
330
347
344
333
336
350
342
325
333
346
339
330
339
350
339
334
338
340
330
330
346
348
336
337
343
343
332
332
345
341
328
337
352
342
321
330
341
331
326
340
354
338
322
335
339
324
326
344
342
324
331
352
341
315
322
342
336
331
343
337
321
315
334
340
322
315
328
333
323
315
331
330
318
325
337
332
320
331
346
330
316
325
334
327
328
340
338
330
324
338
340
328
330
343
340
336
338
344
334
326
336
345
340
336
348
347
331
327
341
344
333
332
345
351
340
337
344
338
329
335
348
345
337
347
346
336
327
341
343
334
332
343
358
338
328
340
343
335
335
344
344
336
344
357
348
327
332
346
348
342
354
360
344
333
353
363
348
340
352
357
354
349
353
349
338
340
353
348
340
345
355
345
337
347
354
344
335
348
360
345
332
347
351
337
336
348
348
336
340
358
348
330
336
347
338
330
343
352
341
333
348
358
344
323
336
340
331
332
347
349
334
336
346
343
332
338
346
336
330
344
357
335
322
336
347
337
336
346
344
334
330
341
342
327
332
346
342
335
332
336
330
326
336
340
330
323
341
342
322
317
332
336
322
324
335
334
326
327
340
332
318
325
338
330
321
333
342
333
321
328
338
324
321
337
340
328
326
347
342
323
328
343
342
327
336
350
344
333
341
349
338
325
344
347
331
326
338
338
327
323
338
336
322
322
335
332
323
318
327
318
313
328
334
325
322
335
332
323
323
340
335
323
322
341
342
326
334
347
344
334
340
342
338
325
338
346
328
323
336
337
328
332
343
341
331
335
341
339
335
341
348
344
337
349
357
344
336
352
357
338
327
343