341
337
333
340
340
332
331
341
341
334
331
338
339
332
334
343
338
330
336
343
340
333
338
349
337
332
338
342
337
333
342
344
336
335
344
342
337
341
345
346
332
336
344
340
335
345
345
335
332
343
344
336
333
345
345
333
334
342
338
330
333
344
339
330
334
341
336
331
339
348
336
331
336
342
337
335
342
343
335
336
343
338
335
334
340
341
333
337
342
340
333
340
341
334
334
338
342
338
334
340
343
333
337
339
338
333
335
340
340
334
340
344
337
328
334
342
334
333
336
338
330
330
339
342
332
332
339
340
332
338
344
333
327
332
340
336
332
337
342
335
332
338
344
334
333
345
338
327
327
338
341
332
333
340
336
331
338
343
338
328
331
340
337
332
336
340
336
332
338
341
333
335
343
342
331
330
340
337
333
337
342
336
334
341
343
335
333
340
343
340
332
338
341
334
334
340
340
335
335
344
341
335
339
348
342
332
334
340
337
335
339
341
336
337
341
341
334
337
347
342
335
336
344
340
333
339
344
338
336
340
343
338
336
343
343
335
335
343
347
339
336
340
340
335
338
345
340
331
336
345
342
333
338
342
338
335
337
343
338
335
341
346
336
334
340
342
333
334
342
341
334
338
344
340
337
343
347
339
338
343
347
339
332
341
344
338
338
344
346
338
339
344
342
336
342
343
339
336
340
342
339
335
344
346
337
333
342
347
339
336
344
345
338
335
340
340
333
334
339
335
330
337
342
343
336
336
337
333
331
338
341
340
332
334
335
332
336
342
337
331
337
339
331
328
335
341
336
331
336
341
336
330
334
340
334
333
337
336
328
332
340
338
333
336
341
334
330
337
341
332
331
340
335
329
328
338
341
334
333
337
340
332
334
340
341
333
334
339
336
331
336
345
333
328
337
340
334
332
341
343
332
332
339
340
335
337
341
340
333
338
344
340
332
336
344
340
334
338
343
336
334
342
342
336
336
339
339
336
335
342
344
330
332
344
338
332
340
340
336
335
339
342
337
332
341
347
340
333
338
340
335
336
342
341
336
339
346
341
338
342
351
342
330
338
344
341
337
344
344
336
336
346
344
334
341
343
338
334
340
343
340
335
341
346
340
344
343
363
375
379
398
406
450
509
506
427
248
246
403
517
502
307
196
346
530
383
196
225
410
449
292
260
326
348
342
373
362
322
342
374
321
298
350
359
315
313
334
340
342
341
324
313
326
332
325
321
333
334
320
317
326
330
324
321
329
330
319
321
328
324
322
329
333
320
313
328
336
330
326
329
328
324
324
330
330
323
326
338
338
321
320
333
330
327
332
340
330
323
330
339
332
321
328
334
328
325
336
339
328
327
336
328
323
326
335
330
326
337
336
330
326
333
340
333
322
331
334
330
333
338
343
333
328
333
335
331
336
334
329
327
334
342
336
325
329
336
332
332
335
334
328
329
336
339
333
336
337
332
329
334
337
335
326
332
341
336
333
340
343
332
329
336
342
334
329
335
338
337
332
337
338
331
338
344
338
333
339
340
334
334
340
343
335
333
340
340
334
335
345
342
332
333
343
343
334
334
342
337
330
338
344
339
337
349
338
326
327
338
345
337
334
336
338
330
330
337
335
331
344
342
326
324
334
341
336
330
337
345
340
333
334
337
332
332
337
340
333
333
340
338
329
333
346
340
328
331
339
336
330
337
343
336
335
342
339
328
328
339
342
332
337
340
336
328
332
341
339
333
338
345
333
326
333
341
335
330
339
343
336
334
338
342
335
333
340
341
332
333
343
345
334
336
341
337
334
345
344
336
333
340
344
339
336
339
342
336
338
343
338
332
340
343
339
334
338
343
341
339
341
347
338
334
342
350
338
335
340
339
336
338
344
344
333
337
344
338
334
343
345
336
328
336
344
336
330
338
343
334
332
344
349
335
335
349
341
330
334
342
344
335
335
345
340
336
343
342
335
334
345
342
332
330
339
343
332
334
343
340
331
331
339
338
334
336
339
335
335
338
339
334
333
340
341
335
332
340
344
338
338
340
335
330
340
346
341
332
337
345
338
336
346
343
331
331
341
342
340
338
341
340
334
338
345
340
332
338
341
337
334
338
345
342
338
341
342
338
335
341
346
335
331
341
346
344
335
341
344
334
336
344
341
334
340
348
343
334
338
346
336
331
338
344
338
338
343
341
335
335
343
342
339
337
340
344
336
335
342
342
333
337
343
339
335
338
345
340
334
346
342
331
336
343
341
336
340
345
339
334
339
351
335
328
339
344
336
331
341
343
336