350
353
357
328
312
330
368
359
354
369
376
348
331
354
367
351
331
357
369
350
337
339
344
352
327
301
363
385
370
360
350
345
351
356
354
346
350
353
341
310
336
376
370
349
338
343
352
353
350
351
357
354
359
353
327
335
350
351
330
345
362
348
345
357
354
344
344
351
342
340
332
355
354
338
348
357
348
333
339
349
343
345
347
351
334
321
334
364
356
334
340
345
352
346
344
349
334
335
350
347
328
322
344
344
344
344
341
338
347
344
352
347
334
336
335
347
338
335
331
340
342
354
346
335
341
350
335
328
338
357
349
330
335
340
322
334
348
350
333
328
338
350
348
345
344
336
325
338
343
293
299
347
376
367
336
331
344
346
332
337
349
335
325
326
338
343
340
341
330
329
327
324
344
354
342
340
327
324
337
349
344
326
332
343
340
330
330
334
331
329
336
341
324
314
339
343
328
329
344
344
335
333
338
329
320
330
339
327
322
331
337
326
319
339
351
338
333
339
332
320
326
342
341
325
323
339
339
335
340
344
330
316
325
341
344
333
321
333
334
337
332
338
330
328
341
346
330
329
341
338
329
330
336
330
326
335
342
323
315
337
346
336
330
343
345
329
326
334
338
330
330
342
338
330
328
343
342
326
332
331
332
329
334
340
332
325
331
337
325
317
335
347
327
321
340
344
332
325
332
338
331
332
335
329
325
332
345
338
328
328
334
327
321
333
347
332
322
335
348
330
331
341
341
327
329
342
340
326
326
343
342
332
335
338
327
322
328
348
344
327
334
340
336
336
340
341
330
330
336
337
331
334
340
333
326
337
345
327
313
344
355
341
329
335
334
330
332
341
336
327
337
348
340
326
330
339
335
328
332
340
334
320
334
339
331
326
340
345
332
325
338
344
331
327
340
344
329
325
339
331
322
339
349
330
325
334
344
335
322
336
341
333
330
341
347
336
331
344
344
330
327
338
341
334
333
341
338
326
329
346
344
332
337
348
337
328
344
349
332
330
341
341
330
324
346
346
334
332
345
344
335
335
344
338
328
330
344
341
334
341
346
329
332
352
353
337
334
336
340
335
336
345
341
330
336
349
350
338
339
346
339
326
343
353
339
333
347
348
336
335
341
344
342
343
348
342
335
339
348
344
332
336
345
342
333
333
347
344
326
343
347
341
336
342
337
336
344
349
345
334
336
350
340
331
338
351
340
334
336
339
338
335
342
352
339
334
334
332
328
329
339
342
324
320
338
336
326
332
332
333
326
336
339
327
324
331
342
336
332
336
334
330
331
340
340
333
333
340
337
326
329
339
333
328
338
338
337
331
334
344
339
336
342
341
333
331
338
340
337
330
338
342
332
337
347
342
333
329
338
339
336
341
346
338
331
341
342
333
333
347
350
330
326
341
343
334
334
346
344
336
337
341
334
338
344
344
334
330
338
343
339
335
343
348
337
330
339
343
341
339
343
339
333
337
345
341
328
338
351
345
335
339
344
337
327
342
350
336
337
344
342
332
338
350
345
334
337
344
333
337
344
347
341
333
340
352
342
338
345
351
340
335
339
343
338
335
350
352
339
339
347
342
335
335
343
346
340
340
350
340
334
347
348
339
335
340
348
341
336
347
341
334
337
345
346
338
340
341
335
338
343
349
344
337
338
335
332
341
349
346
338
337
344
346
335
339
342
342
337
339
347
346
336
337
347
342
330
336
351
348
336
336
344
344
339
344
346
338
338
346
346
336
337
350
349
332
334
348
347
340
339
348
342
336
341
338
340
348
350
344
331
337
350
342
334
336
350
348
335
338
343
342
339
344
352
342
333
339
343
343
336
344
342
336
342
349
347
339
335
342
349
333
336
348
347
335
333
341
344
339
340
346
336
330
338
344
334
335
340
344
340
336
338
342
341
344
342
339
332
336
344
340
336
340
341
339
336
337
348
341
336
341
340
332
338
348
346
331
330
340
345
339
337
344
341
328
337
350
345
335
341
340
335
337
344
346
337
329
337
346
344
333
339
344
338
335
346
339
334
337
347
343
332
333
342
342
337
338
344
335
337
348
344
335
334
344
344
333
331
343
342
331
339
342
342
339
336
348
344
332
337
344
340
337
342
341
339
340
339
342
337
328
342
349
336
333
340
342
341
338
340
342
334
338
348
341
332
336
342
335
338
345
343
336
331
341
343
329
334
348
347
335
334
340
342
332
333
343
338
337
340
348
338
332
344
346
336
336
345
339
337
338
342
335
328
336
350
340
327
345
350
340
334
338
343
337
333
342
340