346
343
332
339
345
335
335
341
338
336
336
333
340
340
342
343
336
329
340
341
326
324
344
356
336
319
337
345
341
334
329
331
334
338
344
340
338
340
340
340
334
336
333
334
335
329
334
334
332
344
347
330
318
340
338
330
330
340
348
337
330
343
339
332
334
335
336
334
326
336
345
338
340
338
327
324
338
343
330
316
343
353
346
333
338
340
338
328
319
336
337
334
337
339
341
340
339
328
326
340
341
328
311
346
359
345
328
323
336
338
338
347
338
327
331
334
330
340
350
348
337
321
330
338
323
336
349
356
344
329
329
340
334
328
335
344
337
336
346
329
328
344
346
333
322
334
344
327
332
344
351
341
322
333
345
331
325
343
338
328
339
347
337
332
337
346
340
326
333
345
338
333
331
329
337
342
341
334
332
339
346
341
330
335
342
342
341
336
331
336
333
339
344
338
330
329
347
344
332
338
336
334
338
337
339
326
325
345
355
340
326
335
347
338
334
332
341
338
336
335
333
330
338
346
345
337
330
334
330
338
344
338
331
334
347
346
335
326
325
326
348
352
347
340
331
321
338
346
332
332
342
334
328
350
353
338
331
334
344
340
343
348
340
330
323
338
353
338
328
322
328
350
345
332
337
340
343
341
333
335
346
348
338
326
330
336
336
332
340
336
320
345
355
342
328
332
342
339
334
333
338
334
332
341
341
329
333
345
345
330
324
336
346
339
329
331
331
335
340
344
337
337
338
346
338
323
331
342
340
335
327
329
336
345
351
340
322
322
346
350
339
330
324
343
345
341
337
336
342
341
339
336
327
333
340
343
339
344
345
337
330
331
333
344
348
347
339
332
334
337
337
340
337
335
330
332
348
348
344
335
341
344
330
332
344
340
335
325
335
345
340
345
347
336
326
341
346
335
335
344
342
334
327
340
348
343
337
336
332
322
339
352
342
343
334
339
338
340
342
331
333
343
342
334
335
343
349
337
326
331
338
338
340
341
326
339
347
346
336
330
339
338
340
340
337
339
327
342
346
347
341
337
326
328
344
341
336
337
341
340
345
342
342
333
328
344
340
338
341
339
336
340
338
334
342
340
333
338
336
335
331
332
341
344
337
321
341
350
346
338
327
340
349
339
320
324
346
350
338
335
338
332
322
341
353
340
332
331
339
339
331
339
351
334
330
341
346
336
331
326
322
351
356
336
329
329
334
344
345
331
339
337
335
338
346
349
338
330
331
332
341
324
342
363
352
334
331
336
342
340
339
326
336
350
347
336
314
333
360
352
334
324
345
345
339
342
338
332
334
344
337
329
334
326
322
304
334
346
346
354
352
346
340
338
344
341
337
327
335
345
336
344
348
340
334
336
337
340
340
340
337
334
332
337
344
341
334
343
347
335
333
341
343
340
340
341
333
331
338
339
339
333
336
344
337
330
330
335
334
334
341
339
332
329
336
339
333
332
336
344
335
331
336
338
330
329
341
335
337
337
336
334
333
335
334
335
336
341
335
332
335
343
336
331
336
335
333
330
337
343
340
335
334
338
337
332
336
337
337
333
330
338
335
336
340
344
337
335
339
337
331
334
341
342
336
339
342
333
334
340
342
339
340
340
338
337
336
340
346
340
334
337
338
340
338
339
338
333
335
341
338
336
335
340
340
342
342
342
337
334
338
340
333
333
337
344
342
338
340
343
337
332
344
344
333
333
342
341
337
340
342
335
332
341
348
338
326
337
346
341
339
343
344
336
336
344
342
331
334
340
341
338
340
342
339
337
340
343
338
334
340
341
341
340
342
340
334
334
338
344
336
332
342
344
338
335
343
343
335
333
342
345
340
336
340
337
330
343
345
339
335
336
340
339
336
338
338
335
338
344
344
335
335
346
341
334
340
344
341
334
336
343
341
338
340
340
335
338
343
344
337
338
343
342
332
339
344
336
335
340
343
339
334
336
341
341
338
334
336
336
341
346
340
336
336
340
340
337
338
342
343
340
336
341
339
333
343
346
342
336
335
341
342
342
341
338
336
335
337
346
343
335
338
346
343
342
340
336
335
342
341
337
336
340
341
334
341
348
339
334
337
343
344
341
341
340
337
335
338
341
337
339
344
346
338
334
338
342
336
334
341
336
335
342
347
344
334
337
343
336
335
342
343
339
334
331
342
346
341
340
342
336
338
343
343
338
340
342
342
336
335
345
346
338
337
342
344
343
337
341
345
343
338
343
340
338
349
350
344
337
341
346
341
339
343
346
339
340
344
346
343
343
348
343
336
338
344
347
343