334
350
347
332
336
350
347
332
332
347
341
333
348
356
336
327
345
351
334
329
351
352
330
332
348
348
334
336
348
343
327
339
352
341
330
344
354
336
329
344
348
336
334
347
345
329
331
350
350
333
332
347
345
333
342
350
337
326
345
350
336
327
345
351
337
333
345
352
335
334
347
343
335
338
345
339
328
338
354
340
326
337
347
337
326
347
351
329
325
344
349
334
333
347
346
327
332
346
340
329
342
349
336
331
340
348
338
330
343
347
334
331
344
347
329
332
347
346
329
331
347
341
329
338
347
339
327
341
354
336
327
341
346
335
329
343
350
335
330
344
346
334
335
348
343
330
335
349
342
328
336
346
339
332
340
347
339
333
343
348
334
332
346
344
331
338
351
341
326
338
348
338
328
344
347
334
325
342
352
335
330
347
347
329
327
347
349
331
337
355
342
321
332
350
344
330
340
350
334
326
342
351
336
325
343
352
333
326
347
345
326
329
346
345
327
331
349
342
329
335
348
338
330
340
345
336
327
337
344
333
328
341
344
333
332
344
344
331
336
348
341
324
332
348
340
328
336
343
337
329
343
347
331
329
348
347
333
331
348
348
328
330
347
342
328
336
349
338
327
341
350
334
327
344
351
335
327
341
345
329
330
347
344
331
334
347
340
331
338
354
338
326
339
349
337
328
340
346
334
332
348
350
331
334
348
346
332
328
348
344
328
338
351
341
324
336
350
336
330
346
350
332
325
342
350
333
328
345
346
330
330
347
344
330
332
348
340
326
338
348
333
324
342
350
333
329
345
347
333
328
341
346
331
330
349
345
324
331
350
343
324
332
346
340
330
338
344
333
328
346
351
331
327
346
345
327
327
345
343
328
332
346
342
328
336
346
338
329
340
346
333
330
350
346
328
328
347
347
332
327
342
345
330
332
345
343
328
334
348
341
329
337
353
334
328
341
344
328
328
345
346
332
334
350
344
328
335
351
341
326
337
350
335
325
339
350
337
331
344
350
339
330
344
347
333
334
350
343
332
334
346
343
334
340
351
345
332
340
350
337
330
348
351
333
329
345
353
336
330
342
343
334
344
352
343
332
355
373
357
355
328
325
359
408
375
338
352
348
350
362
339
354
340
321
346
341
322
323
335
328
363
340
311
327
346
342
325
343
342
326
323
341
341
326
324
338
338
323
324
333
332
320
326
342
333
319
328
340
330
327
336
342
319
309
330
338
324
319
338
339
324
335
335
332
328
329
340
337
325
337
354
338
333
339
346
341
333
350
352
334
336
354
353
338
341
351
344
340
345
353
349
338
346
353
344
336
351
363
340
329
343
352
343
333
348
352
339
334
349
348
337
340
352
346
331
341
353
343
331
342
351
339
332
343
349
336
332
345
350
334
333
349
350
327
327
346
346
332
337
348
338
328
344
348
334
324
339
346
331
330
347
349
329
331
351
343
327
332
348
343
328
334
349
340
329
344
347
334
329
346
347
326
323
340
348
333
327
342
342
329
329
346
347
330
332
343
336
327
336
346
335
321
336
345
333
326
343
357
332
318
336
344
328
327
345
343
332
337
343
332
321
335
349
336
328
345
351
328
319
339
343
329
326
343
344
331
333
343
339
324
332
347
340
326
340
356
335
328
338
340
327
324
342
346
333
329
343
349
333
329
345
342
327
333
348
343
324
336
350
336
324
340
352
338
333
350
351
328
328
341
339
328
333
349
345
330
336
349
340
328
337
350
338
331
349
348
330
327
340
345
333
334
348
349
341
332
342
342
328
331
346
339
329
338
348
339
330
340
343
328
324
341
345
330
335
348
340
324
328
344
347
329
329
345
342
331
338
347
335
326
335
341
334
328
343
351
336
333
343
340
327
331
344
342
332
338
348
340
327
334
344
336
329
339
348
337
330
342
339
327
329
344
343
330
334
351
345
326
331
345
339
327
336
349
348
329
330
343
336
328
339
345
332
331
349
350
329
323
343
342
331
335
348
340
329
341
348
334
329
340
346
332
324
340
352
337
328
343
344
332
330
342
343
330
334
350
350
331
328
342
338
329
339
348
338
334
346
345
334
328
342
345
330
328
347
349
336
330
341
340
330
336
347
341
332
334
346
337
327
342
348
335
329
347
354
338
325
339
343
331
333
348
344
332
340
352
337
326
339
350
333
325
341
352
340
329
336
345
332
331
346
348
332
333
349
351
341
334
340
336
329
340
352
338
326
342
351
332
327
344
348
334
343
350
336
324
330
348
344
330
336
354
348
329
334
345
336
326
340