331
330
351
345
324
333
353
344
322
333
351
341
323
339
348
335
329
351
352
329
323
348
348
327
328
349
346
328
334
352
340
324
335
353
342
325
339
349
331
326
346
352
329
327
347
346
327
330
352
350
328
331
351
342
327
335
351
340
328
344
353
336
324
344
354
330
327
346
349
330
328
349
346
327
334
351
344
329
335
349
337
323
338
350
336
324
343
351
329
324
348
349
330
332
351
346
326
331
352
345
323
333
348
336
323
340
350
336
324
340
348
333
329
347
352
330
327
344
341
324
332
353
345
324
334
349
337
325
346
354
334
322
340
351
334
328
349
351
329
331
352
352
330
332
351
343
330
340
350
340
325
340
352
339
332
346
354
332
326
347
352
331
332
351
344
324
331
349
342
328
337
354
338
325
336
346
334
326
339
344
330
326
341
343
324
329
350
344
322
326
346
340
326
337
349
334
322
338
349
332
325
341
348
330
326
348
349
326
329
352
345
324
332
350
343
326
340
352
338
325
339
352
339
327
338
346
330
327
345
346
329
328
348
348
326
330
349
343
326
336
354
340
321
336
350
335
324
343
351
330
325
345
348
328
333
353
346
326
332
349
343
327
335
347
337
329
340
351
335
324
343
351
333
325
347
350
324
325
349
347
328
328
348
344
327
335
353
340
329
344
349
332
326
344
351
335
326
345
349
330
330
348
345
330
336
351
339
323
333
352
340
321
332
351
344
338
350
344
339
374
397
343
328
383
428
409
352
372
406
405
330
288
335
382
313
247
324
334
327
410
434
276
233
289
345
353
339
332
333
338
314
316
327
330
359
350
316
320
328
332
318
312
334
354
328
308
328
336
328
321
341
341
310
312
335
336
317
322
339
328
314
326
336
324
308
335
346
320
311
338
340
321
321
340
340
326
325
346
335
319
333
346
336
324
337
351
336
327
351
354
326
323
349
352
328
329
349
348
330
341
356
344
323
338
351
339
328
339
349
338
327
343
356
340
329
351
349
326
327
349
349
329
334
356
346
323
335
354
346
327
339
352
336
324
342
353
334
329
350
353
330
329
352
344
324
331
350
346
329
344
353
336
322
336
353
338
326
344
352
336
328
345
343
323
325
348
348
333
339
345
336
322
336
352
342
325
338
354
345
329
342
346
328
324
345
350
330
332
350
345
324
329
346
342
325
336
355
343
326
338
349
334
323
344
355
334
327
345
348
329
325
345
348
328
330
350
347
331
340
347
334
322
338
353
339
327
345
351
331
321
340
349
332
328
347
347
328
330
353
347
323
332
350
341
326
336
357
346
322
332
344
332
328
344
349
330
330
351
347
328
332
351
346
325
332
352
350
323
330
351
336
324
341
353
341
333
342
345
329
327
347
348
328
330
352
351
329
330
346
339
324
337
353
340
326
343
351
332
321
340
349
332
328
355
356
323
320
344
346
328
334
352
346
331
334
348
338
324
339
351
338
332
350
350
328
329
347
347
328
335
352
341
325
334
350
342
324
336
355
346
340
339
344
330
326
346
355
333
332
351
349
328
325
346
346
329
336
355
349
334
336
350
339
322
337
351
337
327
346
354
335
330
345
345
327
331
347
346
324
326
345
339
323
331
348
335
323
340
353
333
322
337
346
332
329
348
342
320
323
347
345
326
337
348
338
325
334
348
336
325
342
358
334
318
341
350
331
324
344
347
331
330
346
344
327
333
351
342
326
341
358
337
317
332
349
335
327
347
353
328
321
344
348
329
331
349
346
327
332
351
340
321
335
354
338
324
339
349
331
323
344
348
331
332
344
340
324
328
349
345
329
335
349
340
324
337
351
336
327
342
349
333
321
342
348
334
326
345
348
327
326
349
345
325
331
355
352
324
325
342
336
326
341
352
334
324
342
348
332
326
349
354
324
322
346
350
329
326
347
341
326
335
351
340
326
335
348
334
326
345
348
330
323
342
349
330
327
348
344
326
333
350
345
322
330
350
337
323
337
350
332
322
340
352
330
324
343
350
331
328
347
343
321
330
351
343
325
338
354
340
325
339
352
340
328
347
351
327
325
346
355
332
328
350
349
331
337
356
346
330
341
354
339
326
344
356
338
329
348
355
338
330
348
350
334
333
349
348
333
336
351
344
330
340
357
345
328
340
353
340
330
346
355
335
325
349
349
328
332
350
345
328
333
349
342
329
340
356
336
320
340
355
340
329
347
352
332
330
351
352
332
330
348
345
326
330
349
343
328
336
353
339
326
339
353
338
326
346
354
329
326
349
352
326
324
350
348
325
329