342
355
340
326
340
348
335
332
348
349
326
326
348
347
330
335
350
342
324
332
354
343
327
337
348
334
324
345
355
335
325
342
350
329
328
352
353
327
327
348
345
328
338
350
339
324
336
351
340
328
345
352
333
326
348
352
327
325
348
349
328
331
349
350
327
330
347
340
328
340
350
339
327
341
348
332
326
349
348
328
328
348
348
331
329
347
348
329
331
348
345
330
339
350
338
326
343
354
335
324
342
350
336
334
345
342
325
329
350
347
324
333
354
347
325
333
350
338
327
343
351
336
329
343
348
330
334
350
346
324
328
353
348
328
331
349
344
332
339
351
334
325
345
359
337
320
338
350
336
329
347
351
329
329
349
346
324
332
355
347
328
332
354
343
324
336
348
335
327
344
353
334
324
344
348
331
330
354
347
320
329
350
343
324
337
352
340
325
340
353
335
328
346
349
329
325
346
348
326
330
354
350
324
329
348
342
326
337
348
335
322
338
350
333
326
341
351
333
324
343
348
330
331
352
349
324
332
351
347
325
332
352
348
327
336
354
337
322
339
352
331
325
344
350
330
329
348
349
331
325
342
340
323
333
354
345
320
331
352
343
320
332
347
330
320
339
346
326
324
347
355
327
319
342
344
321
326
346
336
320
336
348
333
326
338
342
328
323
345
345
323
318
336
342
326
328
336
321
316
329
336
322
304
316
336
317
308
323
339
318
304
307
314
318
318
334
323
299
313
329
330
311
318
332
329
320
324
340
316
310
338
346
329
312
335
343
323
306
348
356
324
314
335
347
316
326
348
343
328
335
350
336
322
332
350
336
322
344
357
334
332
347
346
334
340
354
352
334
342
356
320
312
377
419
314
283
318
345
338
341
357
351
340
340
351
353
344
336
347
351
336
343
374
357
334
346
370
351
331
342
359
350
334
354
361
345
340
364
362
330
329
359
357
334
336
362
355
338
344
354
344
328
344
361
346
334
345
354
332
326
356
359
332
329
353
355
329
333
360
350
329
344
363
344
320
338
356
343
325
344
358
349
325
344
352
327
325
351
352
329
337
362
360
320
318
346
344
325
340
358
343
326
340
354
341
325
341
345
328
328
352
354
332
334
342
336
322
335
354
344
327
335
351
336
329
344
349
328
325
347
360
327
316
340
349
330
330
348
347
330
329
350
341
322
334
350
338
327
350
357
325
314
338
351
333
327
346
353
331
328
344
336
322
334
352
343
327
342
355
335
321
338
350
335
328
345
352
338
328
342
342
323
324
348
347
333
333
349
340
325
338
348
338
326
340
351
337
324
345
346
325
322
343
349
335
330
345
344
325
330
349
345
330
338
356
351
326
332
343
333
327
346
351
330
322
350
349
324
324
347
349
329
331
354
341
320
330
349
340
326
341
355
335
324
336
343
332
331
347
350
332
331
354
344
322
329
351
347
332
342
355
333
321
339
352
336
325
343
352
342
331
342
348
333
329
348
348
333
334
348
344
327
334
351
343
328
345
358
333
317
339
350
333
326
344
350
332
329
346
344
326
331
351
345
332
336
344
335
326
335
350
340
329
338
349
334
328
344
351
335
325
339
343
327
328
345
344
329
333
347
342
328
336
349
343
331
338
345
331
325
344
349
332
332
359
347
321
323
346
345
327
338
352
340
322
334
346
336
328
343
352
336
325
343
350
330
327
347
347
333
329
345
344
327
332
349
343
327
335
352
338
328
340
352
335
327
340
347
333
329
348
347
331
331
350
347
328
337
354
339
324
336
352
340
326
343
352
337
330
344
349
332
328
350
349
328
330
351
348
331
338
347
340
323
334
353
341
326
341
354
337
327
345
354
336
333
341
346
329
326
346
348
331
334
348
342
328
336
350
342
326
341
350
336
325
339
347
332
330
346
347
331
327
344
346
331
331
348
345
329
333
346
339
328
337
347
334
326
343
350
329
323
343
349
330
330
343
344
326
330
352
341
324
331
349
338
324
333
350
337
323
338
348
332
325
343
350
334
325
342
343
325
328
349
344
324
329
349
339
325
336
347
335
322
338
349
338
328
343
346
325
325
346
349
330
326
342
342
327
334
352
340
326
335
351
337
322
340
353
333
323
343
347
326
325
347
350
329
328
348
351
329
330
344
338
326
338
350
339
328
339
347
336
328
344
350
336
328
342
344
329
331
348
343
327
333
348
347
327
334
346
336
326
341
349
334
326
343
350
334
330
346
346
327
328
348
347
328
333
348
341
326
337
356
338
325
338
350
337
327
343
349
332
330
350
348
330
332
349