335
332
338
340
333
335
340
338
333
336
339
338
333
340
344
336
330
340
340
331
331
337
340
335
334
339
337
335
337
341
341
334
338
340
332
328
336
342
337
332
337
342
336
336
342
339
332
337
343
340
328
330
336
337
333
336
338
338
337
336
336
333
332
339
342
336
329
341
339
333
334
340
336
332
338
341
336
332
336
344
336
331
336
340
338
337
338
338
333
332
339
341
336
332
338
340
335
334
338
337
333
336
340
336
332
336
343
333
329
338
342
337
334
335
334
331
334
338
338
334
338
342
335
332
336
340
336
334
335
338
332
331
336
340
336
336
340
339
334
335
343
338
335
338
339
338
337
337
340
339
335
341
340
336
337
340
339
335
337
342
340
336
334
339
340
339
338
342
334
332
336
343
339
334
336
342
339
335
340
342
334
336
340
338
337
336
338
338
336
338
344
338
332
341
342
336
332
340
343
334
334
340
342
337
336
339
339
340
336
341
340
334
335
343
340
338
339
340
337
335
342
343
340
335
336
342
334
336
340
340
334
332
339
340
337
335
340
338
336
338
342
338
335
341
343
334
335
338
338
335
338
340
339
335
336
341
339
336
339
344
338
334
336
339
337
337
343
340
334
335
342
343
336
338
339
336
333
341
343
339
336
340
344
337
334
337
340
338
336
337
341
337
336
342
340
334
336
340
344
338
335
342
336
332
339
344
338
332
337
344
338
333
348
340
331
335
341
339
335
338
343
341
334
336
344
344
340
340
342
338
335
337
342
337
335
345
345
336
335
341
341
338
337
341
341
340
343
343
337
336
339
343
339
336
344
348
333
332
340
341
338
337
342
344
340
339
340
339
337
339
343
339
337
342
344
335
334
342
343
340
338
339
342
340
336
339
340
337
339
342
338
335
337
342
340
335
348
345
334
331
337
342
339
339
341
341
337
338
341
340
336
337
345
340
333
336
342
338
335
341
345
339
333
339
343
340
348
347
334
333
360
423
412
334
348
517
627
421
274
475
405
343
591
658
517
298
263
310
296
274
278
252
305
364
273
250
287
340
416
335
204
274
336
326
284
294
320
318
299
302
288
284
298
306
327
311
280
283
294
287
296
311
298
295
296
298
303
306
306
323
307
282
291
322
314
309
308
326
332
321
317
304
298
312
349
321
295
308
334
346
367
332
306
321
344
357
364
341
336
367
365
347
354
352
363
352
352
368
361
359
357
362
363
360
367
370
354
360
369
362
356
358
362
364
361
363
366
365
349
348
364
375
347
348
364
364
350
362
362
350
344
353
367
359
344
352
350
350
354
356
354
346
347
352
351
349
357
350
340
340
359
349
336
337
347
351
350
341
342
347
340
341
348
346
345
339
342
338
335
337
343
339
342
337
344
335
338
343
342
332
334
343
347
338
336
339
335
339
340
341
329
329
339
344
332
339
341
335
329
329
338
344
336
332
338
335
332
334
340
335
327
333
341
336
330
331
333
334
338
334
332
332
332
333
333
330
346
345
326
318
328
336
334
331
334
338
344
338
325
327
328
327
332
336
335
336
338
330
329
330
332
334
333
335
344
334
322
324
331
332
330
333
343
347
326
320
328
330
332
336
336
332
344
336
333
327
325
333
336
333
335
338
338
334
337
341
331
323
329
337
337
340
339
332
327
330
338
337
333
334
339
338
339
340
343
330
324
331
341
335
329
337
338
332
334
340
333
329
331
337
341
350
329
324
327
334
335
338
335
334
347
342
329
322
330
338
333
333
336
345
334
330
336
337
336
332
337
335
332
336
339
338
347
340
326
325
330
340
345
337
333
337
336
343
339
333
333
334
339
343
338
331
334
341
340
336
342
351
338
327
333
338
334
335
341
340
337
345
339
336
329
332
340
339
337
343
352
340
328
329
338
336
335
339
341
339
343
340
334
330
334
340
340
336
340
348
348
332
329
336
335
333
339
342
343
342
338
332
329
335
340
340
335
336
353
341
339
331
331
334
335
340
344
339
339
342
339
330
333
341
342
338
338
346
350
337
330
334
337
337
338
343
340
336
343
342
343
332
337
339
335
336
344
342
338
339
339
339
340
334
337
338
336
342
344
334
335
336
338
336
335
346
344
339
334
338
340
336
337
345
340
335
335
339
344
340
336
338
342
334
335
343
336
333
339
343
339
339
341
338
333
335
343
341
340
340
340
342
339
335
338
340
338
339
345
338
329
335
342
337
337
344
346
333
335
343
339
334
338
345
344
340
336
336
334
335
341
344
341
336
343
337
331
333
342
342
335
340
342