338
334
338
339
332
334
340
342
335
333
339
339
330
331
337
336
331
338
344
336
330
337
344
337
330
339
342
328
328
339
343
333
334
341
337
331
336
344
340
330
339
344
338
329
336
342
334
332
337
338
334
336
340
338
333
334
342
340
334
336
340
338
331
336
344
341
331
337
342
338
334
338
338
334
335
339
340
331
334
341
338
331
336
344
343
331
334
345
340
334
332
338
332
332
342
343
333
332
342
345
331
330
341
343
334
336
341
341
336
334
338
335
331
338
341
334
329
338
346
342
333
337
340
332
336
342
340
328
333
343
340
332
337
345
340
329
338
346
336
330
338
340
334
334
342
342
333
337
345
340
328
334
346
344
331
336
344
340
334
340
343
338
333
340
341
330
334
343
344
336
332
345
341
327
334
345
338
331
338
342
337
334
341
345
337
332
339
344
336
333
343
347
330
330
340
342
336
337
344
339
329
334
346
341
334
336
343
336
336
339
340
335
334
342
342
335
339
341
337
335
336
343
338
332
338
345
338
330
340
349
336
324
335
351
337
328
337
340
333
337
346
339
329
335
344
342
332
335
342
338
331
335
342
337
332
337
340
334
333
340
343
333
337
345
339
330
339
354
342
323
333
361
361
332
321
340
354
341
330
333
361
362
346
376
381
390
390
332
264
401
493
356
198
294
436
363
302
321
280
322
329
352
396
317
290
320
331
314
336
340
324
343
324
325
321
315
328
335
323
321
339
345
318
320
323
323
328
321
325
325
321
320
330
335
321
314
324
331
323
325
337
325
309
318
332
323
320
330
333
321
317
336
339
322
322
339
343
334
329
334
336
331
338
346
336
329
338
352
338
332
340
345
341
336
346
348
339
339
343
341
335
339
353
344
333
342
348
345
336
343
348
343
339
345
346
337
334
342
346
339
338
349
348
334
338
349
346
337
340
345
342
335
340
350
344
336
339
344
336
336
346
347
339
340
341
341
332
336
345
345
336
337
343
340
332
341
344
341
335
335
341
336
334
343
346
338
339
342
340
332
337
346
342
330
335
344
341
333
336
344
340
342
339
338
334
333
342
343
335
337
354
340
329
332
341
341
334
338
346
344
334
334
341
338
335
340
345
343
338
337
338
332
332
343
343
336
336
345
346
336
336
345
335
329
339
347
340
333
346
347
330
326
338
342
334
333
344
342
337
335
338
338
333
338
346
343
337
340
341
330
328
340
346
337
334
347
349
334
330
344
344
334
336
346
347
337
335
341
337
332
339
346
339
334
343
348
342
334
338
344
336
332
344
341
331
334
344
343
335
344
351
334
325
338
346
337
331
341
344
334
333
341
344
337
337
339
339
330
334
341
341
334
336
343
342
332
334
343
336
332
338
344
338
334
340
342
338
335
338
337
331
336
342
336
331
340
344
333
329
336
344
340
332
340
342
334
331
342
341
331
334
336
336
332
332
344
342
330
331
339
337
331
336
338
332
329
340
344
335
328
337
340
331
333
345
337
326
330
342
337
328
334
345
338
327
334
341
334
330
342
347
331
324
334
338
329
329
340
341
331
335
337
334
325
330
339
339
334
332
339
335
326
334
339
332
331
341
343
324
322
334
337
329
330
340
342
330
329
333
331
327
333
339
341
333
332
330
326
325
334
337
329
330
342
337
324
326
336
336
327
332
343
341
324
327
335
330
325
332
337
330
330
340
341
325
322
334
337
328
330
340
338
328
329
336
334
327
334
344
337
331
329
334
330
323
332
335
330
327
336
337
331
330
335
331
328
333
337
328
321
334
339
330
322
334
336
328
326
335
334
326
327
339
338
327
329
338
335
331
328
337
337
324
327
335
330
326
333
342
334
327
337
336
329
327
336
336
329
333
337
331
326
336
344
337
326
333
338
332
328
338
344
332
327
334
340
334
334
340
340
328
329
339
338
326
331
342
336
327
333
342
336
330
337
344
333
325
333
342
332
330
341
342
331
330
339
339
330
337
345
338
327
334
347
337
329
336
344
334
328
340
340
330
332
341
344
335
336
339
336
330
335
345
341
340
341
341
329
328
338
345
336
332
341
349
337
326
336
341
334
340
348
336
326
330
346
338
327
333
343
339
332
344
347
328
326
337
341
334
339
342
333
329
334
341
336
330
336
346
348
334
330
338
335
329
335
343
337
332
343
348
333
330
336
339
332
333
344
342
333
333
346
342
325
332
342
339
332
336
340
333
330
338
342
336
336
340
344
330
331
341
342
331
337
345
337
327
334
344
343
336
337
348
340
332
338
350
337
328