337
349
339
329
329
342
344
338
336
339
338
332
340
346
339
331
338
343
340
335
340
340
334
332
339
341
336
336
339
338
331
333
343
339
334
344
344
332
328
335
338
334
334
343
342
332
331
340
343
336
336
347
336
328
331
339
339
334
335
343
338
329
339
343
332
332
341
341
334
332
346
349
330
330
340
343
334
336
341
342
336
341
344
337
335
340
341
332
333
342
345
337
333
338
340
335
338
352
341
328
334
344
340
338
341
340
338
341
343
341
337
334
346
345
337
334
344
344
336
340
350
338
331
334
344
340
337
338
343
341
334
342
344
339
336
342
344
338
339
342
340
334
338
348
340
334
332
340
341
337
338
338
334
335
342
346
332
326
339
344
337
330
336
339
336
334
338
340
334
344
344
332
327
336
344
341
332
338
341
334
333
343
344
331
333
342
336
329
334
344
340
333
335
348
340
330
335
343
338
336
339
340
336
332
338
336
333
334
344
343
334
333
343
340
332
334
338
339
336
335
344
339
336
350
344
331
329
338
344
338
337
344
342
340
337
340
338
339
336
339
342
332
337
343
337
329
342
346
334
336
344
342
332
331
342
346
335
334
340
340
337
335
344
338
338
336
338
334
333
343
343
334
331
340
344
336
332
346
347
333
329
335
339
337
339
344
338
330
338
349
341
336
335
338
334
335
345
348
340
329
339
340
334
336
341
344
336
332
337
336
332
344
348
333
326
336
341
339
332
338
341
336
339
345
342
332
330
344
352
334
332
340
339
335
340
343
340
340
340
341
336
336
339
340
340
336
338
340
337
336
344
342
335
334
342
339
332
335
346
342
335
341
346
334
336
341
340
336
336
345
346
333
332
343
340
332
336
344
341
336
338
345
339
339
349
343
333
333
339
343
338
340
342
340
335
340
347
343
334
336
344
334
330
343
342
330
326
338
342
336
331
336
341
336
330
338
340
333
337
341
345
331
331
341
338
332
340
342
332
329
337
340
337
340
340
338
332
335
341
346
333
333
346
339
332
338
343
336
332
340
345
335
333
337
346
339
328
335
344
338
334
335
340
336
337
338
336
331
336
347
342
338
336
337
336
332
339
346
338
332
338
346
336
335
338
335
336
339
343
338
331
336
344
342
334
340
342
337
342
339
335
332
335
339
340
335
339
349
345
332
335
344
344
333
336
344
345
335
347
354
344
330
334
366
387
385
383
406
417
431
459
430
385
439
501
414
254
328
397
316
337
434
352
298
276
291
349
406
414
350
272
280
352
380
326
320
320
356
362
348
354
294
300
347
344
315
315
336
336
326
323
322
332
327
322
321
327
332
328
325
331
334
324
318
337
340
327
321
334
331
327
324
328
330
330
331
335
326
329
336
340
330
324
331
338
326
329
334
329
327
335
337
335
324
325
344
327
320
332
332
324
333
334
328
324
329
340
333
328
334
333
334
324
323
333
335
324
326
330
336
332
334
337
322
321
334
335
323
326
340
347
329
320
327
332
328
331
333
331
327
335
340
320
320
332
339
336
328
326
325
323
329
333
334
329
350
338
317
319
330
340
333
326
338
336
340
337
329
325
325
333
339
341
330
328
339
343
332
332
339
342
334
332
333
327
328
336
339
334
336
344
340
326
332
342
338
328
332
343
342
340
340
343
335
339
337
337
337
330
340
341
334
334
338
340
336
334
347
346
335
329
337
341
340
336
345
341
330
340
349
343
343
341
342
346
343
339
337
338
337
349
348
336
342
346
347
336
336
342
339
335
350
358
334
331
335
344
342
340
346
350
340
337
344
344
332
336
352
349
328
334
346
342
335
339
346
345
343
344
344
331
328
339
349
341
330
337
341
339
336
341
340
333
341
351
338
318
330
344
335
325
334
341
334
340
342
339
333
328
336
340
335
335
341
333
326
339
338
334
332
338
341
336
332
339
345
336
334
338
343
334
335
335
337
333
335
348
338
329
330
339
339
337
340
340
332
332
336
339
341
331
336
341
340
335
339
337
333
335
349
346
326
329
337
336
333
341
342
337
341
334
336
332
328
334
336
333
335
347
333
322
328
339
338
334
338
351
339
320
328
339
336
333
337
338
336
340
347
331
321
326
338
339
330
333
343
341
329
328
335
336
332
336
348
335
328
331
337
332
331
338
360
337
320
332
341
329
334
343
339
327
334
344
338
330
337
344
336
341
340
332
327
329
338
340
330
332
345
347
340
331
336
338
336
340
342
337
334
339
344
344
337
332
336
334
335
344
348
335
345
344
338
329
331
341
340
335
337
344