337
333
332
333
334
337
341
336
334
337
338
333
332
342
342
330
331
337
338
336
338
340
336
331
335
339
336
334
340
342
332
331
337
342
336
333
336
334
334
336
337
336
333
333
336
340
334
333
339
340
336
336
337
338
339
338
335
332
332
336
340
339
337
338
338
334
339
343
337
333
338
340
337
333
334
338
334
337
337
337
336
333
336
337
338
338
336
337
336
336
340
338
336
335
341
342
336
335
333
337
339
338
338
337
338
347
341
334
335
341
340
334
334
340
342
340
337
336
339
341
338
337
336
335
340
345
338
337
339
339
336
336
341
344
336
334
337
339
342
338
337
340
336
336
345
341
332
334
339
339
338
340
341
337
332
337
341
338
336
342
346
336
335
341
338
336
339
341
338
334
338
346
340
333
336
345
341
336
339
342
339
337
344
342
335
337
346
340
336
336
339
339
339
340
341
340
337
339
340
340
338
344
340
336
336
340
339
337
337
343
342
335
335
341
342
342
341
338
336
337
338
342
341
336
340
342
337
337
341
340
336
338
346
336
332
336
339
337
338
337
338
336
335
340
345
339
335
336
337
337
338
340
338
338
340
341
337
337
338
345
345
339
335
338
339
340
340
345
340
338
345
347
339
334
339
339
338
340
340
340
336
340
342
340
338
345
345
336
335
338
341
340
338
342
341
336
341
344
340
340
337
340
341
334
335
344
340
336
338
342
338
334
336
342
342
338
338
339
339
338
343
344
336
336
340
340
345
340
337
338
335
340
345
345
337
340
345
340
336
341
347
344
337
342
343
339
339
344
342
339
342
347
344
339
344
348
341
339
343
346
345
344
341
342
339
345
351
347
349
352
352
331
316
328
344
339
322
324
336
333
328
324
330
332
331
335
342
345
345
352
360
357
353
355
350
356
355
358
345
351
352
352
346
354
350
350
341
336
331
331
330
330
330
330
329
325
327
323
333
330
330
329
335
331
329
328
334
336
336
335
336
333
331
333
334
338
337
324
325
340
342
320
316
328
326
320
321
330
325
319
321
334
329
328
323
322
317
320
326
329
328
325
331
326
326
331
339
331
329
326
330
334
337
331
327
324
331
325
321
328
339
320
315
326
340
351
338
349
412
496
495
409
459
595
476
308
227
338
518
593
322
175
293
545
434
205
229
320
522
485
243
176
286
386
403
430
274
197
359
373
281
239
290
329
333
326
312
322
323
311
328
335
324
324
323
348
329
304
307
325
322
327
335
358
318
285
314
328
337
321
356
337
284
288
317
330
352
305
310
321
334
320
341
338
330
324
319
320
328
326
326
336
324
314
320
337
330
328
318
322
327
336
333
329
330
325
326
326
331
333
330
336
328
327
327
328
332
334
327
324
330
326
322
327
324
318
316
324
328
323
328
310
307
322
331
326
330
326
321
330
333
330
324
332
328
330
331
342
339
339
331
341
341
339
343
341
340
344
340
330
336
341
344
340
337
342
356
336
327
338
345
351
339
338
342
351
357
338
334
336
339
344
342
338
339
346
343
332
338
345
340
333
336
342
342
351
342
336
333
336
342
343
340
340
343
346
338
341
347
341
335
337
343
344
341
345
337
342
337
338
341
341
340
346
352
335
332
340
342
339
337
342
348
344
341
337
339
335
336
341
345
340
345
337
330
336
342
344
340
338
344
352
338
332
339
339
339
340
345
345
345
337
342
338
335
337
340
341
340
345
346
336
334
338
341
339
342
344
345
337
332
338
339
336
338
345
342
336
336
338
333
334
338
341
346
343
336
336
331
334
339
339
338
341
339
333
331
335
341
339
340
343
336
332
336
340
342
345
339
336
337
333
333
343
350
340
330
337
338
336
336
341
343
338
333
339
339
338
339
340
338
340
341
338
339
340
345
339
331
332
338
344
342
334
337
339
336
334
340
342
341
337
333
334
335
337
340
339
337
339
338
337
342
340
336
335
340
338
336
338
342
341
338
336
339
348
342
335
338
349
341
336
338
342
341
340
344
345
335
337
339
341
337
340
345
343
337
341
344
341
338
344
342
335
338
342
342
339
338
340
340
336
340
342
338
333
336
338
335
337
342
341
336
335
339
341
332
335
342
344
339
338
343
337
334
339
341
337
336
339
344
339
333
337
342
341
340
339
342
335
334
340
346
342
336
339
345
339
340
344
337
336
339
342
344
342
347
342
336
334
342
349
340
334
341
346
344
341
341
343
347
339
337
340
340
342
348
343
336
342
345
343
336
340
342
341
339
340
345
340
338
342
343
341
341
342
339
338
343