341
335
338
343
339
333
337
342
338
334
338
341
335
333
334
337
342
340
339
339
335
336
340
341
336
340
343
336
337
343
344
341
336
337
341
346
338
340
341
333
334
334
335
328
332
332
332
334
336
343
344
341
344
344
336
342
346
346
341
347
348
345
340
342
346
349
337
337
337
333
324
328
318
315
317
327
321
318
314
317
317
319
327
330
327
329
337
341
344
340
345
340
343
342
346
340
337
344
346
348
347
350
347
346
341
352
348
350
341
342
345
345
340
344
342
344
344
347
348
344
342
345
352
340
339
343
348
340
345
339
338
335
345
341
342
342
347
336
335
335
342
340
339
342
340
340
332
336
337
334
337
353
342
338
329
340
343
340
331
340
341
341
336
344
341
330
336
338
340
335
336
335
334
334
342
336
336
332
337
341
344
333
338
334
335
338
343
345
336
335
343
340
329
337
341
342
333
338
338
343
333
340
343
345
334
339
342
342
334
338
339
338
339
337
343
341
342
334
338
336
342
338
340
336
346
341
337
332
342
344
342
332
338
345
340
339
341
338
330
335
338
341
327
334
335
337
330
341
338
342
332
335
340
340
340
342
337
331
334
338
342
333
337
340
343
334
336
340
346
334
335
335
340
334
340
337
337
340
346
339
338
331
335
341
337
330
333
335
330
343
340
337
320
333
340
341
323
324
335
340
335
329
332
321
326
335
340
328
321
333
338
332
324
328
336
331
331
342
337
320
328
341
341
333
328
333
331
329
333
338
334
326
329
340
334
328
334
338
331
330
337
342
330
330
336
338
333
330
340
338
334
337
340
334
326
335
342
341
336
336
339
334
347
365
348
324
354
370
370
368
352
364
300
336
380
367
310
308
310
375
351
336
325
329
347
344
390
348
311
294
364
399
312
294
328
367
367
308
328
335
338
358
346
324
324
347
354
343
331
346
342
336
340
345
338
337
341
346
342
336
337
341
341
344
342
334
338
338
343
340
336
332
342
343
330
330
342
337
328
332
339
335
328
335
341
336
329
334
340
334
330
334
337
329
332
342
337
323
328
338
339
328
329
335
332
332
332
340
335
328
334
333
328
328
333
337
328
327
337
341
333
330
336
333
325
333
340
334
331
336
337
336
327
332
336
332
332
338
342
332
327
334
338
332
331
340
336
328
333
338
334
330
335
340
336
333
333
336
337
331
338
342
333
329
336
339
332
334
344
342
331
334
337
338
333
335
341
337
332
335
341
338
334
339
343
334
329
339
346
336
334
340
339
333
335
343
341
333
336
343
338
334
339
342
337
340
345
339
332
335
344
343
334
334
342
345
332
336
344
341
333
337
346
338
329
340
346
339
335
339
343
336
334
342
343
336
335
342
344
336
334
338
338
336
340
343
340
334
337
339
339
337
343
344
337
333
336
340
339
336
340
336
335
337
344
339
334
337
342
340
332
338
344
340
336
339
341
337
339
338
337
334
337
343
342
336
337
342
335
332
339
345
339
334
340
345
340
328
336
343
336
334
339
340
337
338
342
336
330
337
345
340
332
335
343
342
334
337
342
337
335
339
342
336
336
343
341
334
333
341
341
336
340
338
335
336
341
344
337
334
341
342
336
338
340
341
334
336
343
341
337
336
347
342
332
337
345
341
332
338
347
338
333
338
342
338
334
342
345
338
334
338
341
338
336
342
340
336
340
345
338
332
338
345
340
333
337
342
338
337
343
342
335
335
344
344
335
337
344
342
335
340
345
338
332
339
346
341
335
340
342
341
339
342
341
334
335
342
342
338
334
341
341
335
338
342
338
336
338
342
338
335
337
340
338
337
341
341
333
335
340
341
335
338
342
337
333
337
343
338
336
335
341
339
334
339
341
338
335
345
337
332
338
343
341
333
340
338
335
333
337
340
337
333
339
343
336
334
336
340
335
336
340
338
332
334
340
340
336
336
337
338
337
340
341
337
332
336
343
340
333
335
340
339
335
336
339
337
336
343
341
335
337
338
340
335
335
340
338
334
336
341
339
334
338
341
338
336
340
342
334
333
340
341
335
337
339
337
333
337
342
337
334
339
339
334
333
338
342
336
334
340
342
334
332
338
340
335
334
340
336
335
334
340
338
336
338
337
334
332
340
342
333
333
340
346
334
332
338
343
340
336
338
339
334
335
339
339
332
336
343
340
334
339
342
337
336
340
339
335
332
338
339
333
334
340
338
333
340
343
335
331
335
339
336
336
337
340
335
334
342
341
333
333
341
343
335
332
340
340
334
337
343
338
332
336
338
337
333