343
337
344
349
342
336
341
347
340
336
344
348
343
340
341
345
339
337
348
350
342
338
342
341
338
341
345
342
338
344
347
340
336
342
346
340
336
342
348
340
336
340
342
336
335
342
344
334
336
344
342
336
336
342
340
335
338
343
338
334
337
341
336
336
340
342
333
332
341
341
334
333
339
339
335
336
340
337
332
337
341
337
331
336
339
334
333
339
342
332
331
341
342
334
334
339
338
334
337
341
339
331
336
341
338
335
338
343
336
332
339
343
337
333
338
340
335
338
344
340
334
334
341
339
332
336
340
337
331
337
343
336
331
340
340
333
330
337
341
335
334
337
336
334
335
340
339
332
334
340
336
333
334
337
336
333
336
341
337
330
337
339
333
331
337
340
331
332
340
341
333
334
341
338
329
333
341
337
330
335
339
329
332
339
340
333
330
337
338
329
329
340
341
332
331
336
335
330
334
341
338
331
334
338
333
329
338
340
334
330
337
340
332
330
341
341
331
331
340
339
328
331
339
336
331
332
342
337
331
336
339
334
331
336
339
333
330
336
340
334
331
339
339
331
334
340
338
331
333
337
336
330
334
339
334
331
338
340
333
328
333
339
336
334
338
336
330
330
340
336
331
335
339
335
330
332
337
335
330
337
340
332
329
335
339
332
330
338
340
334
334
340
338
332
335
342
337
330
334
336
336
335
338
340
335
333
338
340
334
331
337
339
331
333
341
340
331
331
339
338
332
335
340
337
334
335
340
340
331
333
339
336
332
336
338
335
333
339
342
335
333
339
338
334
332
340
336
331
334
341
338
333
335
340
334
329
335
341
334
332
337
340
334
331
338
340
329
334
340
340
333
332
338
339
335
338
341
339
332
334
342
337
331
336
339
337
333
339
339
332
334
337
338
334
332
339
337
330
333
340
336
331
336
339
334
332
336
340
337
333
334
340
333
332
339
340
330
332
342
340
331
331
338
338
333
339
340
335
333
337
339
333
330
335
340
333
332
341
340
336
337
341
338
332
334
340
338
333
336
341
339
336
339
342
337
333
338
341
337
335
340
342
333
334
343
341
333
333
342
342
333
334
343
338
332
338
342
338
331
338
344
337
333
338
340
336
332
342
341
336
333
341
342
334
337
342
339
333
335
342
338
334
338
343
337
334
339
342
337
334
340
341
332
332
343
345
338
338
341
338
334
338
344
337
334
337
342
342
333
340
345
339
335
339
341
338
336
342
343
334
337
344
341
336
339
344
339
336
336
342
340
334
336
343
338
332
340
343
336
333
340
340
334
334
342
341
333
335
342
340
332
337
345
338
335
340
342
338
335
341
342
336
336
342
343
336
336
344
343
335
337
342
343
339
340
343
339
332
338
347
342
336
341
345
339
335
342
343
338
338
344
343
336
336
343
343
342
341
346
343
334
337
346
342
334
339
345
338
332
338
346
340
336
344
348
333
334
343
342
336
339
340
337
331
335
345
338
331
335
343
341
338
340
344
339
336
339
342
338
336
341
342
335
335
344
340
333
334
342
345
336
337
343
338
333
340
344
338
333
339
344
336
337
343
342
339
338
343
341
334
338
343
340
336
340
343
337
336
340
343
338
333
341
343
337
333
341
339
336
336
342
341
337
337
343
342
336
337
344
340
333
336
342
339
332
338
342
336
333
340
345
338
336
342
341
338
337
346
345
330
336
352
336
329
335
343
339
333
340
343
335
333
345
344
333
332
340
344
335
334
341
342
333
335
344
344
330
332
337
336
329
336
342
337
328
336
341
334
330
335
339
332
332
338
336
330
329
334
340
331
335
330
349
375
340
367
327
356
320
402
333
301
386
345
304
309
348
334
322
295
315
322
312
292
378
332
273
299
317
309
302
311
319
312
314
331
346
332
334
361
356
291
268
315
347
304
300
313
295
305
335
326
317
323
314
321
330
323
323
329
331
320
320
330
326
327
335
328
327
333
336
334
329
337
338
335
333
333
339
336
337
340
342
338
335
336
340
336
334
339
344
342
332
339
342
336
338
339
344
344
340
344
345
340
340
343
341
335
348
354
340
334
344
349
344
338
344
347
345
344
347
344
340
343
348
343
339
342
351
346
340
344
349
344
340
345
346
350
347
344
345
342
342
347
350
345
336
347
348
345
345
348
344
340
345
351
342
338
353
350
341
340
346
349
340
338
350
353
342
341
349
348
341
339
347
349
340
344
349
347
340
343
348
344
338
344
347
343
340
346
348
342
340
347
345
339
340
347
343
338
341
348
342
337
340
349
341
336
341