346
338
332
343
349
338
332
342
348
339
337
344
343
334
334
346
340
333
337
344
339
329
332
344
340
330
332
340
336
330
334
341
334
332
342
346
330
330
342
343
333
332
339
339
332
333
342
340
331
339
345
337
332
337
345
340
330
336
343
335
333
341
343
332
329
342
343
334
338
345
338
336
334
338
337
333
338
342
335
330
339
345
336
332
339
343
336
334
345
342
333
332
340
342
335
334
344
344
336
337
344
339
334
340
344
335
332
342
345
338
336
344
342
335
334
343
341
331
335
347
344
332
335
343
338
332
336
344
338
330
339
348
335
331
340
346
336
330
339
344
334
333
342
344
334
335
344
340
332
337
342
340
334
340
346
341
336
339
343
337
331
340
346
338
334
339
340
334
339
347
342
331
335
344
340
333
337
344
337
330
338
345
337
333
339
342
334
334
344
341
335
336
341
342
336
334
341
340
334
338
340
339
333
336
341
339
330
339
344
336
332
340
341
336
334
340
342
332
334
343
342
333
336
345
336
332
338
346
337
328
336
345
339
332
338
342
336
330
340
344
335
333
342
340
332
334
339
337
333
337
346
340
332
335
344
339
334
339
345
338
332
342
350
341
332
338
345
337
335
345
346
335
334
346
345
335
339
348
343
334
340
345
339
333
339
342
335
334
343
345
335
335
344
345
335
334
344
344
335
334
343
339
336
341
346
337
331
339
345
339
331
339
346
341
331
340
342
334
334
340
341
333
334
349
346
334
334
344
343
331
335
345
339
334
338
342
336
334
342
345
334
336
344
344
332
334
344
343
332
332
342
340
330
334
342
340
333
336
344
340
333
338
344
335
332
340
342
334
332
340
341
336
336
341
340
333
334
345
344
330
332
343
339
331
334
343
337
330
336
342
335
333
341
340
332
332
342
343
332
332
342
340
332
334
345
338
333
337
344
339
333
337
343
339
331
340
342
329
330
343
344
335
333
342
340
334
335
345
343
332
336
342
338
335
338
341
337
334
339
344
335
333
344
345
334
332
341
340
332
336
347
340
332
336
345
341
332
339
349
339
327
338
346
339
334
338
345
339
341
345
342
332
332
344
342
334
337
347
345
333
335
343
342
337
340
344
343
341
343
337
333
341
348
342
344
362
364
369
405
445
424
392
380
374
355
312
278
266
283
347
404
372
288
314
351
339
293
328
371
316
316
352
306
288
314
324
339
376
340
287
298
344
347
329
324
325
325
320
325
331
331
334
343
334
310
313
333
340
329
324
330
338
327
328
336
331
325
333
339
334
336
332
343
338
326
335
344
335
324
335
341
336
336
340
341
332
331
344
342
334
334
343
339
332
337
344
338
330
338
344
338
334
342
347
338
333
341
346
338
334
342
344
336
334
343
342
336
336
344
342
339
340
346
340
335
341
347
339
336
342
346
334
333
344
347
338
335
347
343
332
337
348
344
337
338
346
343
336
339
346
340
332
340
351
344
333
342
348
338
336
345
346
337
334
345
344
336
336
344
345
341
339
342
339
334
342
348
343
336
338
345
341
336
346
347
335
334
347
346
336
339
346
342
335
340
348
344
336
340
348
344
337
341
344
339
336
348
348
340
337
346
346
336
338
349
346
336
335
343
344
340
339
344
340
333
341
346
340
333
340
348
340
334
342
347
337
333
344
348
338
334
343
340
335
336
347
344
335
337
345
342
334
338
344
340
337
344
345
338
337
346
344
335
336
343
346
336
338
344
346
336
338
349
342
333
338
346
341
334
340
347
341
334
341
350
340
333
344
344
335
336
344
342
334
336
345
342
332
337
345
340
333
339
347
339
333
341
346
340
334
341
349
339
331
342
343
334
336
346
345
333
333
346
344
333
338
342
336
330
336
346
341
333
341
347
339
334
342
343
337
337
343
341
332
335
345
344
333
335
347
345
333
335
342
339
334
339
343
338
334
341
345
337
333
342
345
336
336
344
343
334
336
346
340
332
336
347
343
335
338
343
339
332
340
346
340
335
341
344
338
335
342
344
335
340
346
342
333
335
345
344
336
340
347
340
330
335
344
339
333
339
343
336
332
340
343
335
332
340
343
335
333
344
343
333
337
342
338
334
342
347
337
329
339
345
336
331
339
343
334
332
341
343
335
333
342
343
335
333
344
340
330
335
344
339
332
336
343
338
331
338
346
333
330
337
342
336
336
341
342
336
332
341
342
332
332
342
342
333
336
348
342
332
338
345
338
332
338
341
335
333
341
346
336
334
342
342
334
336
343
342
330
339
349
339
330
336
346
340