347
331
327
346
345
328
336
348
339
325
333
352
340
325
340
351
334
328
344
347
332
327
341
345
331
336
348
338
325
333
350
342
322
333
347
338
326
335
350
338
325
338
346
330
328
345
344
328
327
344
342
328
336
346
340
329
336
346
336
324
338
346
336
328
345
348
330
324
339
347
330
328
344
345
328
334
344
342
329
336
348
338
326
337
348
339
330
340
344
334
330
347
348
331
330
347
347
327
328
346
342
329
338
351
339
324
336
351
341
328
338
347
336
329
345
345
331
330
345
348
330
335
350
344
324
335
352
344
327
340
349
338
328
341
350
333
329
346
350
333
330
346
346
329
332
347
343
328
336
348
341
329
340
349
334
327
340
347
333
326
341
348
331
327
345
349
330
329
345
344
330
332
348
340
330
336
352
341
327
339
348
334
327
338
343
333
330
346
341
328
332
342
342
328
331
344
341
328
336
345
334
324
335
346
336
328
340
343
331
327
340
343
331
330
344
342
327
331
345
338
323
333
347
337
321
338
350
335
324
336
344
331
323
340
343
331
330
343
340
323
329
347
336
322
332
346
336
324
334
345
332
320
335
345
332
322
338
339
329
328
340
338
322
328
345
339
326
330
343
336
322
335
348
334
324
337
347
329
320
341
345
329
324
338
340
328
330
344
338
321
330
346
336
320
332
343
332
324
336
343
330
325
339
343
327
322
340
343
325
326
341
338
322
332
346
334
321
333
349
333
319
333
347
333
325
340
345
328
326
344
347
326
326
345
337
325
333
347
337
324
336
344
332
327
340
344
329
326
339
347
330
328
339
346
329
328
343
341
327
336
352
345
326
334
349
339
326
337
349
334
322
339
351
337
327
344
352
334
328
344
343
332
336
344
334
326
339
352
334
326
344
351
334
324
340
355
334
324
339
348
337
333
347
343
330
334
345
342
332
342
354
340
322
341
354
337
323
342
344
329
340
346
358
360
367
387
348
285
407
359
331
321
360
349
346
348
318
304
300
369
310
317
333
324
322
320
307
311
319
310
304
324
322
307
295
310
324
309
298
319
327
310
307
346
352
328
325
335
362
354
288
316
333
314
311
341
320
298
326
360
357
317
301
333
331
324
340
350
340
337
344
352
333
328
332
342
325
340
354
346
327
343
356
341
330
340
346
344
335
345
357
336
330
351
359
333
326
353
358
339
342
349
347
338
335
353
360
342
340
354
345
334
346
358
346
334
345
355
340
336
350
355
355
347
343
344
338
344
357
352
340
350
350
345
333
347
360
345
338
348
356
346
335
350
357
340
335
351
356
338
336
350
352
338
342
362
347
330
343
357
343
330
355
366
340
329
348
357
341
339
350
351
342
342
358
350
334
341
359
353
337
346
353
340
333
349
358
340
332
350
355
337
331
355
360
336
334
350
349
334
337
354
349
336
340
353
343
333
344
351
336
334
347
358
342
334
346
350
336
334
349
353
336
339
353
348
333
342
357
343
330
343
359
345
334
347
352
342
332
344
352
338
337
348
346
333
338
352
345
330
330
352
348
333
342
352
340
332
338
347
342
335
344
346
330
334
348
335
329
339
352
340
325
334
349
338
323
331
350
344
328
336
347
334
328
344
345
328
324
342
345
328
330
346
341
327
336
350
339
324
335
350
342
312
333
350
336
329
343
344
329
329
349
338
318
328
350
345
326
332
349
339
320
337
349
332
321
338
348
338
324
335
350
338
332
347
345
330
331
341
342
330
338
349
340
327
336
352
332
320
342
353
333
325
341
349
332
325
340
346
333
332
347
343
328
333
350
332
321
339
351
338
324
340
343
334
325
347
349
330
328
345
349
327
321
345
348
331
334
344
335
324
333
350
337
325
337
349
334
319
344
351
332
327
343
345
328
330
345
337
329
340
348
338
325
337
348
332
320
340
353
336
325
341
350
332
325
338
345
333
328
342
343
326
330
350
340
325
331
347
342
332
332
343
336
324
342
349
334
323
341
347
330
327
345
342
326
329
346
344
326
330
342
340
328
333
339
333
329
336
348
337
326
335
345
323
320
335
342
331
333
343
335
321
330
334
331
320
316
321
318
320
329
334
308
306
304
297
288
311
297
272
252
288
270
268
275
330
304
285
288
329
318
301
313
340
338
311
328
338
357
329
334
331
348
313
343
360
364
311
345
365
358
328
360
365
341
335
361
363
341
349
354
351
330
351
350
357
332
355
336
337
327
358
349
345
321
341
334
331
339
354
356
336
342
344
339
324
357
363
360
335
363
352
347
324
359
360
352