370
358
309
328
372
346
307
334
373
338
309
347
372
330
310
355
373
324
310
362
364
314
318
370
359
309
322
371
352
308
329
374
345
308
342
374
332
307
352
374
326
314
362
366
316
317
367
360
312
321
371
356
308
327
373
347
306
336
374
336
305
342
368
326
308
355
368
321
312
360
363
315
316
366
356
307
323
370
348
308
334
373
342
309
346
376
336
310
350
369
325
312
364
368
317
316
368
361
313
326
372
352
309
333
376
345
305
338
375
334
306
349
374
328
309
357
370
320
312
362
361
312
320
369
356
308
325
373
349
305
334
373
338
304
341
374
331
307
352
368
321
312
359
364
316
316
368
359
309
323
372
350
304
327
372
343
306
342
372
332
305
348
370
322
310
360
366
315
312
364
360
311
319
369
353
308
328
373
346
307
338
371
337
309
348
372
328
307
355
368
319
312
365
364
313
318
369
357
310
326
373
350
307
334
372
340
303
343
374
330
304
351
369
321
308
359
365
317
316
368
358
308
324
373
351
307
331
369
339
306
340
371
330
304
347
369
325
310
358
366
317
315
364
361
310
320
372
354
307
329
373
344
305
336
374
334
305
346
372
328
310
352
366
320
312
361
363
310
316
367
356
308
324
370
349
307
331
370
338
305
341
372
330
303
349
367
321
305
354
363
312
309
362
356
306
318
365
348
302
327
368
338
300
334
369
332
302
345
369
322
301
352
367
318
310
362
358
309
318
367
350
304
323
370
345
306
336
372
338
304
340
369
329
309
354
367
319
310
362
362
311
315
368
357
307
323
372
348
302
330
370
336
302
338
369
327
305
350
368
317
307
354
363
312
313
364
357
306
316
368
351
303
326
370
341
304
335
368
334
303
343
368
324
305
353
368
318
308
359
360
309
316
366
354
304
321
369
348
305
333
370
334
302
342
370
326
303
349
367
320
310
359
362
310
314
366
360
306
318
369
349
303
329
372
342
302
336
371
333
303
344
366
324
308
354
367
311
309
362
360
307
316
367
351
305
324
367
342
302
332
370
337
302
342
368
327
304
351
366
320
309
360
359
310
315
366
356
305
317
369
351
306
329
371
340
304
342
372
332
308
351
368
321
308
361
364
313
315
369
362
310
323
369
349
304
327
372
342
307
338
370
334
306
345
371
323
305
358
373
320
313
362
362
320
340
395
356
304
357
430
378
318
407
456
325
265
378
387
307
289
361
394
319
244
283
347
339
348
338
324
274
311
381
334
258
324
365
309
266
314
369
346
281
305
347
338
296
317
343
312
316
350
333
291
311
351
335
298
317
355
330
288
327
361
326
288
330
361
324
301
343
362
314
302
361
361
305
312
365
356
310
327
367
344
306
335
376
346
306
341
371
334
310
356
374
324
316
367
371
321
318
370
366
318
325
377
362
313
331
376
349
310
343
381
345
316
352
374
328
318
370
372
317
314
369
369
317
328
375
358
311
332
380
352
309
336
378
343
312
346
373
331
315
356
371
321
314
369
367
311
317
371
364
312
328
374
353
309
330
378
347
304
339
372
336
311
349
366
322
308
358
368
320
312
362
360
310
317
368
354
305
324
371
348
306
337
370
336
303
345
373
328
308
357
365
319
311
363
366
314
322
371
356
305
321
372
346
304
336
379
340
304
346
374
331
308
353
370
324
311
363
368
315
314
367
356
315
329
376
348
302
329
374
343
307
342
377
331
304
351
372
322
309
358
364
316
316
367
363
306
314
368
354
303
321
368
347
306
335
370
333
302
341
373
331
304
347
367
317
308
359
359
307
313
362
352
304
320
368
347
300
327
370
339
299
334
367
326
299
344
366
317
300
354
365
311
308
360
354
302
316
367
350
304
322
365
336
302
337
368
330
299
343
369
322
304
353
362
314
306
359
357
304
315
365
349
304
325
369
342
301
332
376
332
300
338
369
326
302
348
364
316
307
360
366
310
312
365
355
306
321
371
347
304
328
370
338
305
339
370
330
305
348
370
318
304
354
364
311
314
363
356
304
318
367
350
304
325
366
340
301
334
370
332
300
340
370
327
298
346
363
314
307
357
362
308
312
362
352
302
317
364
346
301
330
369
333
295
336
369
328
298
344
366
322
303
355
362
312
308
361
358
306
318
366
347
302
326
370
341
302
335
371
333
304
345
367
323
305
360
360
314
314
366
360
308
317
370
352
305
327
370
345
304
334
372
335
306
346
374
325
304
356
370
316
311
363
364
312
313
368
358
306
323
370
346
303
332
371
344
303
337
371
331
304
347
370
321
306