343
341
340
344
344
339
336
342
346
343
344
346
341
335
338
345
347
340
338
341
342
338
340
346
344
338
340
342
342
340
343
343
335
335
341
342
339
342
343
342
342
337
336
335
334
337
343
336
334
342
340
335
337
344
340
333
329
333
336
334
334
339
337
332
334
336
333
333
333
336
332
327
332
336
332
330
333
333
329
329
333
336
326
322
330
333
328
326
328
328
326
327
328
326
325
327
329
326
325
332
330
329
327
323
321
319
321
325
328
324
324
327
326
324
327
330
326
318
322
328
324
321
324
326
324
323
324
327
318
316
324
324
318
320
330
323
315
313
318
320
322
322
321
315
316
322
322
320
318
321
322
318
320
318
317
316
324
341
355
353
351
359
356
372
371
426
454
393
367
365
368
361
418
437
415
409
436
413
341
346
338
376
344
279
340
313
232
274
340
281
285
384
367
225
209
283
351
322
326
349
345
246
197
219
276
322
295
299
331
306
269
306
276
250
257
262
282
312
273
279
271
306
243
256
300
294
284
300
262
270
296
302
265
256
285
316
297
305
302
292
271
298
323
323
290
268
283
318
316
298
310
285
283
300
324
327
308
316
299
295
315
324
319
324
342
338
274
291
327
323
306
304
321
333
344
329
338
334
349
334
338
313
305
330
334
321
319
330
342
345
327
331
353
340
322
335
323
332
351
348
328
342
340
346
350
331
331
343
347
332
326
362
354
320
329
345
346
350
334
334
354
356
352
341
325
324
340
358
362
348
325
328
357
373
342
332
351
340
333
347
342
327
333
348
328
343
366
368
339
325
336
318
332
351
346
334
357
351
327
319
326
340
337
331
341
349
329
327
339
342
322
319
338
348
331
319
334
337
329
343
335
338
329
331
344
352
337
319
343
348
314
314
324
352
349
329
323
311
325
336
347
361
328
314
328
341
333
318
324
335
331
322
320
332
342
337
320
325
327
324
328
334
337
341
334
342
326
314
335
367
342
326
333
328
320
314
318
329
336
334
328
334
321
328
340
337
333
315
313
325
347
342
335
323
314
318
332
340
331
328
322
326
330
321
316
331
338
335
324
329
340
334
320
331
316
318
330
329
332
344
346
330
319
320
351
354
312
318
348
341
341
339
328
333
318
324
335
340
338