350
354
359
347
342
347
350
346
346
351
350
347
352
354
349
347
354
357
349
344
348
352
353
350
352
346
341
344
350
352
348
348
354
351
342
343
348
350
351
347
350
344
344
349
347
343
341
346
348
344
344
351
347
340
344
350
348
348
345
343
347
349
349
344
339
341
348
352
348
341
344
349
349
346
347
350
347
346
352
348
343
342
347
345
344
348
348
344
340
348
350
344
343
350
355
347
341
349
349
340
337
346
354
349
343
345
345
343
347
351
348
343
347
352
347
344
352
349
344
348
346
344
343
344
348
346
347
349
353
348
341
345
351
348
343
353
353
344
340
344
348
346
344
345
346
347
347
349
344
339
340
346
345
340
342
348
344
345
349
345
343
337
343
348
339
336
343
344
340
341
346
346
340
342
347
349
346
337
341
345
342
341
343
341
337
343
347
341
337
342
346
343
337
340
340
338
340
344
345
342
339
339
340
337
344
347
339
332
337
343
342
339
341
343
339
337
344
345
341
341
340
337
334
340
342
338
336
340
341
338
338
344
343
336
336
338
341
334
335
344
342
335
333
340
343
342
339
339
341
336
337
340
338
333
337
342
340
336
340
341
336
336
340
344
340
340
339
338
334
335
342
340
333
336
342
340
337
339
337
336
338
340
341
338
335
341
348
348
338
337
337
335
339
345
339
334
337
342
340
339
343
343
340
335
339
342
338
339
340
341
336
337
346
345
335
334
338
340
338
340
343
340
337
341
344
344
338
339
343
344
341
344
342
336
333
339
344
342
340
342
342
340
341
346
340
333
336
347
346
334
336
341
339
338
341
344
341
338
341
342
341
340
342
343
336
335
343
345
341
337
339
340
338
340
342
337
334
340
345
340
337
342
345
340
336
341
344
342
345
343
338
335
338
345
343
339
341
338
336
338
344
344
339
340
342
345
341
341
342
338
338
341
345
342
339
340
344
342
341
343
344
342
340
342
342
340
341
347
345
338
340
342
342
338
342
348
346
337
338
347
345
342
343
346
340
338
343
347
342
340
345
346
343
342
343
347
341
339
348
347
336
336
343
346
345
344
343
341
342
346
348
343
340
343
345
341
342
345
342
340
340
343
340
338
342
344
341
334
336
342
342
340
341
342
341
339
342
344
337