339
335
335
339
339
338
341
337
332
337
342
340
333
333
339
339
335
336
339
336
335
343
344
340
332
337
343
337
334
342
341
334
336
340
342
337
338
339
336
335
339
342
338
335
339
344
345
336
333
336
335
334
338
340
338
339
341
341
340
343
346
336
334
340
344
341
334
339
343
340
337
344
344
337
338
343
343
337
338
343
342
338
341
348
341
331
339
348
344
339
337
339
344
344
341
339
339
340
342
341
335
338
345
344
339
340
344
339
337
340
347
343
340
342
342
339
340
346
347
340
337
342
343
342
344
348
344
336
334
341
342
339
341
344
342
338
340
344
340
337
339
342
339
340
346
343
336
335
341
343
338
344
354
347
333
332
340
344
342
343
343
343
337
339
344
340
342
344
342
335
336
345
338
340
341
338
337
335
338
343
341
338
340
344
342
342
363
412
408
343
332
388
454
455
418
441
411
424
428
434
497
506
465
406
488
495
411
288
259
402
303
272
366
485
372
286
304
321
309
345
317
340
331
303
318
351
416
472
398
312
218
179
244
352
377
283
297
311
329
331
274
250
285
311
278
316
333
333
272
256
264
268
316
347
321
282
298
301
268
277
318
309
272
311
302
285
320
322
278
262
288
321
369
326
263
269
303
286
283
290
318
334
325
296
299
306
285
301
336
317
305
324
294
286
313
297
310
334
333
312
285
288
322
339
320
299
307
326
316
317
332
298
307
332
322
288
306
353
329
296
310
329
340
304
298
310
332
342
332
346
336
306
315
330
318
309
342
342
333
338
310
300
307
349
346
302
304
350
345
312
313
323
334
346
334
322
325
321
332
348
340
336
316
323
332
363
342
309
334
351
323
320
323
326
329
338
354
348
340
321
318
348
353
345
339
332
322
316
330
339
334
326
327
356
376
379
344
344
370
332
333
348
322
320
308
330
347
330
330
341
347
363
424
385
278
298
345
342
364
342
315
318
325
334
339
339
332
341
377
382
357
333
325
343
350
338
336
335
341
348
346
336
330
344
361
377
366
347
329
338
366
384
367
365
354
347
346
350
358
349
346
356
348
372
382
354
335
342
362
350
351
363
360
363
377
375
348
340
346
357
374
359
351
352
361
360
359
364
391
383
354
345
347
350
358
360
367
374
399