340
337
335
338
339
337
339
342
342
337
340
336
333
338
341
342
340
337
340
341
338
336
341
342
340
342
342
341
340
341
346
339
335
338
339
339
337
339
339
334
334
342
344
340
338
342
341
338
336
339
342
341
338
343
339
333
337
346
340
333
336
344
342
339
340
341
338
336
343
344
339
338
342
336
332
336
344
342
337
338
341
338
334
337
342
341
341
341
340
336
334
339
339
334
337
341
339
335
336
342
338
335
338
342
339
334
340
344
339
333
338
340
337
337
339
339
334
333
340
343
341
338
338
338
338
339
340
340
337
336
338
339
336
339
346
342
334
336
341
339
337
341
341
339
339
339
339
338
339
344
344
338
337
341
341
338
337
340
340
336
336
341
338
335
340
346
337
335
340
337
333
336
343
342
336
336
343
341
342
340
341
338
336
339
343
337
334
339
344
336
334
342
343
337
336
340
341
338
337
338
339
336
342
342
338
330
335
341
338
335
338
341
338
338
340
342
336
335
340
339
335
337
342
337
336
336
342
343
336
335
335
334
334
340
342
336
331
336
343
338
334
338
337
334
339
344
338
330
331
337
338
339
337
336
332
331
337
342
337
335
336
339
334
330
337
336
336
340
338
334
332
338
342
339
332
336
344
338
334
337
337
336
334
340
342
334
334
339
339
333
331
337
342
337
331
337
334
328
335
343
338
335
338
340
334
332
338
342
337
331
335
340
336
337
340
334
329
333
337
336
334
337
340
335
328
332
340
339
332
330
337
339
331
334
338
332
332
338
337
331
332
338
341
335
331
335
338
334
337
342
340
330
333
337
332
334
339
340
336
333
337
338
334
338
345
345
336
333
334
336
336
338
340
336
334
338
340
338
342
337
334
334
341
345
341
334
334
340
340
336
338
343
339
334
339
340
335
333
342
344
341
335
335
341
339
335
335
339
339
338
341
337
332
337
342
340
333
333
339
339
335
336
339
336
335
343
344
340
332
337
343
337
334
342
341
334
336
340
342
337
338
339
336
335
339
342
338
335
339
344
345
336
333
336
335
334
338
340
338
339
341
341
340
343
346
336
334
340
344
341
334
339
343
340
337
344
344
337
338
343
343
337
338
343
342
338
341
348
341
331
339
348
344
339
337
339
344
344
341