335
336
341
343
340
338
343
340
333
337
343
338
336
341
344
340
337
340
342
340
340
343
339
334
336
341
340
338
345
349
340
332
337
342
340
338
344
345
339
336
338
340
340
342
345
341
338
340
340
339
337
339
343
342
341
344
344
337
334
341
345
339
337
342
343
338
339
341
341
339
339
343
343
339
341
343
339
338
344
346
341
337
338
341
340
339
343
343
338
340
345
343
338
342
346
341
338
344
343
342
339
343
342
338
338
342
343
336
336
343
344
340
339
342
343
338
339
342
340
338
343
346
341
334
335
340
339
338
342
345
341
339
342
341
336
337
345
346
341
341
345
343
340
340
345
344
338
340
346
342
340
345
347
340
338
342
347
348
345
345
344
340
342
350
347
338
341
345
345
345
344
345
344
341
346
349
345
343
344
345
343
342
346
348
341
342
348
344
338
339
347
349
345
345
348
346
339
342
349
345
340
341
347
344
342
347
346
344
343
345
345
342
341
344
346
343
341
342
343
343
345
346
340
338
344
347
342
341
346
343
338
341
343
339
336
338
340
341
336
337
342
340
336
339
342
337
336
343
342
335
334
338
341
337
335
338
338
335
339
342
338
333
336
341
338
332
335
340
336
332
336
339
334
334
338
337
331
333
337
334
331
332
336
336
330
331
338
338
331
334
336
332
326
335
340
328
326
334
336
329
327
333
335
330
330
336
336
331
332
336
334
331
330
333
330
327
331
334
333
331
333
335
332
328
331
333
330
329
334
335
328
327
334
330
326
333
340
332
326
329
334
334
327
330
336
330
327
333
332
329
332
335
333
330
330
335
330
331
336
334
333
330
331
336
333
332
336
340
333
331
336
334
333
337
343
345
338
341
360
371
364
355
334
354
412
444
396
364
449
528
491
422
360
501
646
548
372
342
409
352
300
239
229
318
407
423
351
276
266
280
321
323
343
377
390
366
288
308
360
299
215
263
345
318
299
314
284
285
279
297
283
295
311
314
299
308
312
313
253
248
303
288
268
266
311
316
314
321
305
270
274
310
308
328
298
286
290
310
304
318
318
287
308
329
342
322
286
295
306
318
300
286
299
308
324
328
309
318
328
303
295
321
350
314
290
288
313
326
337
338
321
302
310
331
368
338
300
309
309