330
331
337
338
339
337
336
332
331
337
342
337
335
336
339
334
330
337
336
336
340
338
334
332
338
342
339
332
336
344
338
334
337
337
336
334
340
342
334
334
339
339
333
331
337
342
337
331
337
334
328
335
343
338
335
338
340
334
332
338
342
337
331
335
340
336
337
340
334
329
333
337
336
334
337
340
335
328
332
340
339
332
330
337
339
331
334
338
332
332
338
337
331
332
338
341
335
331
335
338
334
337
342
340
330
333
337
332
334
339
340
336
333
337
338
334
338
345
345
336
333
334
336
336
338
340
336
334
338
340
338
342
337
334
334
341
345
341
334
334
340
340
336
338
343
339
334
339
340
335
333
342
344
341
335
335
341
339
335
335
339
339
338
341
337
332
337
342
340
333
333
339
339
335
336
339
336
335
343
344
340
332
337
343
337
334
342
341
334
336
340
342
337
338
339
336
335
339
342
338
335
339
344
345
336
333
336
335
334
338
340
338
339
341
341
340
343
346
336
334
340
344
341
334
339
343
340
337
344
344
337
338
343
343
337
338
343
342
338
341
348
341
331
339
348
344
339
337
339
344
344
341
339
339
340
342
341
335
338
345
344
339
340
344
339
337
340
347
343
340
342
342
339
340
346
347
340
337
342
343
342
344
348
344
336
334
341
342
339
341
344
342
338
340
344
340
337
339
342
339
340
346
343
336
335
341
343
338
344
354
347
333
332
340
344
342
343
343
343
337
339
344
340
342
344
342
335
336
345
338
340
341
338
337
335
338
343
341
338
340
344
342
342
363
412
408
343
332
388
454
455
418
441
411
424
428
434
497
506
465
406
488
495
411
288
259
402
303
272
366
485
372
286
304
321
309
345
317
340
331
303
318
351
416
472
398
312
218
179
244
352
377
283
297
311
329
331
274
250
285
311
278
316
333
333
272
256
264
268
316
347
321
282
298
301
268
277
318
309
272
311
302
285
320
322
278
262
288
321
369
326
263
269
303
286
283
290
318
334
325
296
299
306
285
301
336
317
305
324
294
286
313
297
310
334
333
312
285
288
322
339
320
299
307
326
316
317
332
298
307
332
322
288
306
353
329
296
310
329
340
304
298
310
332
342
332
346
336
306
315
330
318
309
342
342
333
338
310
300