327
332
336
329
324
328
332
330
328
331
334
332
324
328
330
330
329
331
329
326
328
334
332
328
331
333
331
327
329
332
330
329
334
334
329
324
330
336
336
332
332
331
328
330
334
333
330
332
336
336
332
335
336
336
332
330
332
330
331
334
333
331
333
338
336
330
334
339
336
331
331
336
335
331
336
338
333
333
336
339
336
338
339
336
331
332
339
342
337
335
338
338
334
336
342
342
340
339
338
334
334
341
342
340
338
341
343
337
333
337
340
337
338
343
342
338
340
345
344
338
339
343
342
339
338
341
341
342
345
346
342
338
340
343
341
343
350
346
343
341
342
343
342
346
349
344
342
347
347
342
342
348
348
345
344
350
352
346
345
349
350
346
348
354
349
345
347
351
344
340
343
350
350
350
352
350
343
343
351
355
349
345
350
350
345
345
351
356
349
345
347
347
347
352
357
353
345
347
350
350
349
352
353
349
346
353
354
349
349
356
355
348
347
356
358
349
347
351
350
348
354
353
348
348
353
357
354
349
351
356
354
352
354
351
347
352
358
356
349
348
353
353
351
352
353
353
353
351
353
352
353
357
354
350
350
355
354
347
350
354
350
348
352
354
350
348
353
356
352
348
351
354
352
349
356
360
350
344
349
353
347
348
353
353
348
349
353
351
349
351
354
353
352
356
354
345
344
351
354
347
345
351
351
347
349
353
349
345
351
353
348
346
351
355
353
346
347
348
349
346
346
350
349
346
348
351
352
350
354
359
347
342
347
350
346
346
351
350
347
352
354
349
347
354
357
349
344
348
352
353
350
352
346
341
344
350
352
348
348
354
351
342
343
348
350
351
347
350
344
344
349
347
343
341
346
348
344
344
351
347
340
344
350
348
348
345
343
347
349
349
344
339
341
348
352
348
341
344
349
349
346
347
350
347
346
352
348
343
342
347
345
344
348
348
344
340
348
350
344
343
350
355
347
341
349
349
340
337
346
354
349
343
345
345
343
347
351
348
343
347
352
347
344
352
349
344
348
346
344
343
344
348
346
347
349
353
348
341
345
351
348
343
353
353
344
340
344
348
346
344
345
346
347
347
349
344
339
340
346
345
340
342
348
344
345
349
345
343
337
343
348
339
336
343
344
340
341
346
346