347
352
347
344
352
349
344
348
346
344
343
344
348
346
347
349
353
348
341
345
351
348
343
353
353
344
340
344
348
346
344
345
346
347
347
349
344
339
340
346
345
340
342
348
344
345
349
345
343
337
343
348
339
336
343
344
340
341
346
346
340
342
347
349
346
337
341
345
342
341
343
341
337
343
347
341
337
342
346
343
337
340
340
338
340
344
345
342
339
339
340
337
344
347
339
332
337
343
342
339
341
343
339
337
344
345
341
341
340
337
334
340
342
338
336
340
341
338
338
344
343
336
336
338
341
334
335
344
342
335
333
340
343
342
339
339
341
336
337
340
338
333
337
342
340
336
340
341
336
336
340
344
340
340
339
338
334
335
342
340
333
336
342
340
337
339
337
336
338
340
341
338
335
341
348
348
338
337
337
335
339
345
339
334
337
342
340
339
343
343
340
335
339
342
338
339
340
341
336
337
346
345
335
334
338
340
338
340
343
340
337
341
344
344
338
339
343
344
341
344
342
336
333
339
344
342
340
342
342
340
341
346
340
333
336
347
346
334
336
341
339
338
341
344
341
338
341
342
341
340
342
343
336
335
343
345
341
337
339
340
338
340
342
337
334
340
345
340
337
342
345
340
336
341
344
342
345
343
338
335
338
345
343
339
341
338
336
338
344
344
339
340
342
345
341
341
342
338
338
341
345
342
339
340
344
342
341
343
344
342
340
342
342
340
341
347
345
338
340
342
342
338
342
348
346
337
338
347
345
342
343
346
340
338
343
347
342
340
345
346
343
342
343
347
341
339
348
347
336
336
343
346
345
344
343
341
342
346
348
343
340
343
345
341
342
345
342
340
340
343
340
338
342
344
341
334
336
342
342
340
341
342
341
339
342
344
337
335
340
343
340
336
340
340
336
336
342
338
337
344
343
335
332
340
344
334
331
340
342
339
338
338
336
332
334
341
340
331
332
343
342
332
333
338
337
333
336
342
338
332
334
343
336
336
339
336
333
333
340
338
333
332
338
339
333
334
337
336
336
340
345
344
337
334
359
420
463
421
399
466
511
447
392
482
412
292
344
364
327
466
541
380
283
314
336
298
306
303
297
302
308
350
382
317
289
299
311
365
344
332
305
271
298
339
380
350
304
280
275