335
338
338
335
339
342
338
333
336
341
338
332
335
340
336
332
336
339
334
334
338
337
331
333
337
334
331
332
336
336
330
331
338
338
331
334
336
332
326
335
340
328
326
334
336
329
327
333
335
330
330
336
336
331
332
336
334
331
330
333
330
327
331
334
333
331
333
335
332
328
331
333
330
329
334
335
328
327
334
330
326
333
340
332
326
329
334
334
327
330
336
330
327
333
332
329
332
335
333
330
330
335
330
331
336
334
333
330
331
336
333
332
336
340
333
331
336
334
333
337
343
345
338
341
360
371
364
355
334
354
412
444
396
364
449
528
491
422
360
501
646
548
372
342
409
352
300
239
229
318
407
423
351
276
266
280
321
323
343
377
390
366
288
308
360
299
215
263
345
318
299
314
284
285
279
297
283
295
311
314
299
308
312
313
253
248
303
288
268
266
311
316
314
321
305
270
274
310
308
328
298
286
290
310
304
318
318
287
308
329
342
322
286
295
306
318
300
286
299
308
324
328
309
318
328
303
295
321
350
314
290
288
313
326
337
338
321
302
310
331
368
338
300
309
309
309
341
352
325
316
334
336
314
322
346
336
308
309
340
362
351
330
320
308
305
338
341
329
338
340
334
323
341
348
340
334
327
332
371
368
305
305
335
334
323
339
346
329
336
354
344
350
360
355
325
342
368
344
335
322
332
338
345
353
332
333
346
348
351
340
338
346
351
357
331
326
338
332
330
347
355
354
341
350
365
356
343
336
335
340
346
355
360
338
329
343
335
334
345
356
356
348
334
336
347
357
354
353
354
343
331
340
341
346
350
357
347
338
344
348
350
338
339
356
356
347
353
349
327
332
348
349
356
359
347
336
341
347
355
351
345
348
353
340
332
348
352
346
340
347
346
341
346
351
352
351
354
356
351
349
345
346
346
338
340
351
351
351
358
352
338
331
344
353
352
356
359
346
338
344
357
352
343
346
353
357
347
343
350
353
341
348
357
351
344
346
349
348
347
347
354
346
337
344
343
347
362
363
344
331
342
353
357
344
341
344
343
340
348
356
345
344
348
349
361
347
332
337
342
341
344
345
357
361
341
331
334
348
350
349
346
350
345
343
344
350
343
341
344
350
345
339
340
343
344
350
355
348
336