332
336
340
334
330
337
339
332
332
337
337
334
332
332
334
333
336
340
336
330
336
341
336
330
336
338
336
336
338
334
330
331
337
336
332
335
338
337
334
338
339
335
332
335
340
340
331
334
337
336
335
336
336
334
336
339
336
331
334
340
337
334
335
336
336
332
333
337
334
334
340
338
334
333
336
340
333
331
335
335
332
333
339
338
333
332
335
332
330
336
337
332
330
339
341
331
328
335
337
333
333
337
336
332
331
340
337
332
333
338
338
334
338
341
337
332
335
337
334
332
336
338
334
333
334
337
337
338
339
336
333
335
336
334
332
336
340
338
334
336
337
334
336
342
340
333
335
339
338
334
336
337
335
332
335
339
339
335
338
343
337
333
336
341
338
335
336
337
336
339
341
340
340
336
338
339
335
338
345
341
336
341
342
337
336
341
348
341
335
338
342
340
340
346
348
340
340
343
343
341
345
347
342
337
341
345
342
340
343
346
344
340
342
344
342
342
349
351
340
336
340
343
343
345
345
342
337
342
349
346
340
340
343
341
340
344
344
339
336
342
346
343
344
346
341
335
338
345
347
340
338
341
342
338
340
346
344
338
340
342
342
340
343
343
335
335
341
342
339
342
343
342
342
337
336
335
334
337
343
336
334
342
340
335
337
344
340
333
329
333
336
334
334
339
337
332
334
336
333
333
333
336
332
327
332
336
332
330
333
333
329
329
333
336
326
322
330
333
328
326
328
328
326
327
328
326
325
327
329
326
325
332
330
329
327
323
321
319
321
325
328
324
324
327
326
324
327
330
326
318
322
328
324
321
324
326
324
323
324
327
318
316
324
324
318
320
330
323
315
313
318
320
322
322
321
315
316
322
322
320
318
321
322
318
320
318
317
316
324
341
355
353
351
359
356
372
371
426
454
393
367
365
368
361
418
437
415
409
436
413
341
346
338
376
344
279
340
313
232
274
340
281
285
384
367
225
209
283
351
322
326
349
345
246
197
219
276
322
295
299
331
306
269
306
276
250
257
262
282
312
273
279
271
306
243
256
300
294
284
300
262
270
296
302
265
256
285
316
297
305
302
292
271
298
323
323
290
268
283
318
316
298
310
285
283
300
324
327
308
316
299
295
315
324
319
324
342
338
274