309
345
317
340
331
303
318
351
416
472
398
312
218
179
244
352
377
283
297
311
329
331
274
250
285
311
278
316
333
333
272
256
264
268
316
347
321
282
298
301
268
277
318
309
272
311
302
285
320
322
278
262
288
321
369
326
263
269
303
286
283
290
318
334
325
296
299
306
285
301
336
317
305
324
294
286
313
297
310
334
333
312
285
288
322
339
320
299
307
326
316
317
332
298
307
332
322
288
306
353
329
296
310
329
340
304
298
310
332
342
332
346
336
306
315
330
318
309
342
342
333
338
310
300
307
349
346
302
304
350
345
312
313
323
334
346
334
322
325
321
332
348
340
336
316
323
332
363
342
309
334
351
323
320
323
326
329
338
354
348
340
321
318
348
353
345
339
332
322
316
330
339
334
326
327
356
376
379
344
344
370
332
333
348
322
320
308
330
347
330
330
341
347
363
424
385
278
298
345
342
364
342
315
318
325
334
339
339
332
341
377
382
357
333
325
343
350
338
336
335
341
348
346
336
330
344
361
377
366
347
329
338
366
384
367
365
354
347
346
350
358
349
346
356
348
372
382
354
335
342
362
350
351
363
360
363
377
375
348
340
346
357
374
359
351
352
361
360
359
364
391
383
354
345
347
350
358
360
367
374
399
361
346
339
349
355
357
364
388
390
386
372
338
337
351
356
356
355
362
377
398
378
358
361
366
356
353
351
352
357
365
378
372
364
364
366
364
371
368
361
353
362
374
368
352
356
371
369
364
365
364
367
363
370
363
360
357
365
366
358
355
358
358
349
354
370
372
352
345
364
358
360
360
364
362
352
347
348
348
359
376
368
343
343
353
353
353
356
355
353
358
356
355
350
341
351
354
349
353
354
353
341
333
341
346
345
344
345
348
347
341
336
334
336
344
351
344
335
339
344
332
327
337
343
330
330
339
334
328
332
338
335
333
343
338
324
318
334
339
314
313
325
332
324
315
320
323
320
320
322
321
319
321
328
332
315
310
310
310
313
323
329
325
313
310
312
309
311
322
322
319
320
317
307
301
308
318
325
320
320
329
319
300
300
315
317
312
311
318
325
322
321
320
310
305
311
313
313
317
327
332
322
313
312
308
305
313
319
316
313
315
320
329
334
327
314
300
306
313