336
341
344
340
334
337
341
341
337
338
341
340
338
343
340
334
334
340
346
342
335
337
343
336
335
342
343
340
339
341
341
340
343
344
342
341
339
342
340
336
342
346
344
338
342
344
343
341
341
341
338
341
343
343
338
340
347
343
338
342
342
340
336
339
346
346
341
339
341
339
339
343
344
342
346
346
341
336
338
345
345
340
339
342
343
339
342
346
344
340
339
341
340
342
350
351
341
334
340
342
341
342
345
343
341
340
342
340
341
344
343
338
340
342
343
339
338
343
344
340
338
343
346
344
341
343
343
342
345
345
342
334
340
345
343
340
345
346
339
338
342
344
342
340
343
343
339
342
346
345
344
345
344
339
336
343
347
345
342
342
340
338
339
346
348
340
337
343
345
341
342
346
344
339
339
343
344
340
344
350
342
334
340
345
340
337
342
345
342
342
346
346
345
340
342
343
337
337
342
343
340
340
343
342
341
344
344
341
338
341
342
340
339
342
347
339
336
341
342
341
341
342
343
342
341
341
337
336
342
346
342
339
345
350
342
337
341
343
341
341
345
345
340
340
343
342
338
340
344
342
342
341
339
338
341
344
342
337
338
341
342
337
338
344
343
338
340
346
344
338
337
341
340
338
342
346
342
337
343
346
343
340
344
345
340
343
346
342
337
338
345
344
340
340
343
344
341
344
346
344
338
340
343
339
338
343
347
343
338
340
346
341
338
342
341
336
340
344
343
340
341
344
343
342
343
340
336
336
343
347
342
339
341
342
339
339
343
343
342
343
344
341
341
341
342
341
338
340
344
342
337
342
344
338
339
342
343
339
337
341
343
342
339
340
339
339
340
342
340
336
338
342
342
338
339
344
342
338
339
342
343
340
341
340
338
339
344
342
337
338
341
340
338
341
342
338
340
343
344
341
335
338
343
341
339
346
346
339
339
343
343
341
341
346
343
338
338
343
342
340
341
344
340
336
341
346
340
336
340
343
338
339
344
346
342
338
341
340
339
340
343
341
339
342
344
341
339
343
347
343
337
341
342
338
339
344
345
341
340
344
343
340
339
343
343
342
343
344
341
336
339
344
341
337
340
344
337
336
340
338
338
338
342
341
335
336
343
341
335
336
341
343
340
338
343
340
333
337
343