335
336
338
335
331
334
336
330
331
338
336
330
335
336
335
332
334
334
333
334
336
335
330
330
335
336
333
332
336
336
329
331
337
336
333
335
334
329
331
335
336
331
328
333
336
330
327
332
336
332
333
336
335
329
328
335
337
330
331
337
334
331
333
336
332
329
335
335
331
335
337
331
326
328
335
337
331
330
335
336
336
334
333
334
329
330
336
336
330
334
337
335
332
332
334
334
336
337
334
331
331
338
337
333
336
336
331
328
335
338
331
328
332
336
336
329
329
332
330
331
334
335
330
330
336
333
329
327
333
335
331
332
337
335
332
332
336
334
329
333
336
329
328
334
335
332
332
335
335
329
330
334
335
330
330
332
331
329
334
338
331
328
335
336
329
328
332
333
329
328
333
334
333
332
336
333
327
332
337
332
325
328
334
334
331
330
331
332
332
337
331
324
328
333
334
328
328
334
330
328
332
335
331
329
331
333
333
329
331
332
330
329
332
333
328
330
336
330
323
327
333
334
333
333
332
330
328
332
332
330
330
333
333
327
327
333
335
332
326
330
332
326
326
332
334
330
330
332
329
328
332
336
330
329
332
332
328
330
333
332
331
328
331
336
332
330
332
332
327
329
337
336
329
328
333
332
329
331
332
329
330
334
336
333
333
335
332
328
331
337
338
331
328
332
334
331
331
334
334
332
333
335
333
330
333
337
336
331
334
336
331
333
339
336
329
330
336
335
331
332
336
332
329
334
339
333
331
338
339
332
329
335
340
334
328
332
337
336
333
334
336
332
333
337
334
330
332
334
334
334
336
337
334
332
336
340
334
330
337
339
332
332
337
337
334
332
332
334
333
336
340
336
330
336
341
336
330
336
338
336
336
338
334
330
331
337
336
332
335
338
337
334
338
339
335
332
335
340
340
331
334
337
336
335
336
336
334
336
339
336
331
334
340
337
334
335
336
336
332
333
337
334
334
340
338
334
333
336
340
333
331
335
335
332
333
339
338
333
332
335
332
330
336
337
332
330
339
341
331
328
335
337
333
333
337
336
332
331
340
337
332
333
338
338
334
338
341
337
332
335
337
334
332
336
338
334
333
334
337
337
338
339
336
333
335
336
334
332
336
340
338
334
336
337
334
336
342
340
333