345
343
338
335
338
345
343
339
341
338
336
338
344
344
339
340
342
345
341
341
342
338
338
341
345
342
339
340
344
342
341
343
344
342
340
342
342
340
341
347
345
338
340
342
342
338
342
348
346
337
338
347
345
342
343
346
340
338
343
347
342
340
345
346
343
342
343
347
341
339
348
347
336
336
343
346
345
344
343
341
342
346
348
343
340
343
345
341
342
345
342
340
340
343
340
338
342
344
341
334
336
342
342
340
341
342
341
339
342
344
337
335
340
343
340
336
340
340
336
336
342
338
337
344
343
335
332
340
344
334
331
340
342
339
338
338
336
332
334
341
340
331
332
343
342
332
333
338
337
333
336
342
338
332
334
343
336
336
339
336
333
333
340
338
333
332
338
339
333
334
337
336
336
340
345
344
337
334
359
420
463
421
399
466
511
447
392
482
412
292
344
364
327
466
541
380
283
314
336
298
306
303
297
302
308
350
382
317
289
299
311
365
344
332
305
271
298
339
380
350
304
280
275
278
287
310
310
287
317
340
315
311
304
263
265
310
315
318
310
302
290
289
305
300
309
330
308
312
321
319
288
276
293
332
326
305
310
317
316
310
311
336
324
317
311
303
304
299
312
328
323
330
323
306
313
328
367
334
277
282
320
307
304
312
354
363
302
305
330
329
322
324
320
301
299
319
354
348
305
301
331
354
324
308
311
350
359
304
303
331
317
329
361
344
317
320
309
307
316
357
339
334
337
317
314
333
358
390
330
300
305
318
361
357
295
305
325
324
345
367
363
334
310
310
339
362
371
321
305
320
339
338
335
354
370
354
338
332
328
339
327
317
339
339
339
351
343
343
339
369
376
337
326
328
337
336
350
360
360
332
329
349
369
392
352
307
315
338
398
412
324
296
326
355
358
351
348
351
351
356
367
369
358
350
352
359
368
366
354
350
363
369
370
368
367
419
400
321
340
368
358
347
350
368
374
357
346
360
373
381
391
398
378
345
351
363
368
344
345
362
367
368
372
371
362
354
372
384
378
382
434
424
330
306
336
364
364
361
369
372
374
367
366
371
365
358
383
387
370
371
366
352
353
382
378
361
352
364
371
361
366
370
376
368
366
378
371
359
357
368
377
366
353
359
370
366
367
369
367