335
348
327
315
337
348
326
320
345
347
321
322
343
341
319
324
352
343
320
333
351
335
318
333
349
333
320
339
349
327
320
345
354
325
320
348
352
328
329
354
345
326
336
357
343
322
337
361
337
319
336
351
328
320
344
349
326
324
344
344
324
324
346
341
322
332
352
342
316
333
352
332
321
339
352
332
318
341
353
329
324
342
349
330
326
348
345
324
330
353
340
318
332
356
339
322
341
356
330
317
339
353
331
321
345
349
325
324
349
344
323
331
354
346
328
334
355
338
321
336
353
335
322
344
353
332
322
348
350
325
326
349
348
330
330
352
345
322
334
354
342
322
337
352
334
324
344
354
330
322
350
353
328
326
349
351
327
328
350
345
325
332
354
344
324
338
355
338
326
343
354
334
324
344
352
331
326
350
351
326
328
353
350
326
338
356
342
320
337
359
339
324
342
356
335
321
346
353
326
324
351
354
330
320
347
346
327
331
352
342
321
337
354
337
320
338
356
334
322
343
350
327
322
349
350
324
325
349
346
322
330
353
346
322
334
357
339
317
335
353
336
323
344
357
331
322
346
351
327
328
352
352
323
329
353
345
326
336
357
341
319
335
355
337
323
343
356
333
320
346
354
330
325
350
351
326
328
353
345
324
331
351
341
328
338
352
334
324
343
357
337
325
344
352
330
324
348
351
328
330
354
352
324
332
357
347
324
336
355
344
328
341
356
337
323
344
357
336
324
348
356
328
326
352
353
326
329
350
344
325
336
356
343
324
337
351
334
326
344
349
328
322
345
350
324
322
349
350
327
331
348
341
319
331
353
341
321
334
351
336
320
341
351
330
324
345
349
327
322
352
350
322
327
352
348
322
329
356
345
319
335
357
343
324
338
352
335
324
345
352
331
328
350
349
326
328
352
349
325
328
350
341
321
334
356
341
324
343
358
336
322
346
356
329
319
350
352
325
328
352
350
323
329
354
348
321
334
356
341
323
342
358
338
324
343
353
330
321
346
352
330
327
350
351
328
330
350
341
321
333
354
342
322
337
354
338
323
341
353
332
324
350
354
325
322
348
352
327
330
348
343
323
334
354
344
320
335
357
343
321
337
354
333
324
348
354
330
323
347
348
322
329
357
352
324
329
352
340
323
334
355
341
322
340
354
344
340
349
393
390
364
413
357
326
319
358
402
298
305
346
343
333
355
342
337
338
336
340
315
312
348
373
325
306
335
360
330
321
338
339
320
324
340
337
318
334
351
331
311
325
344
327
318
334
341
322
316
339
346
320
318
335
334
317
324
345
335
310
322
342
345
324
330
344
324
320
342
352
329
319
340
350
326
325
349
348
328
320
352
352
329
335
348
342
324
336
356
338
324
342
355
336
327
350
357
336
329
354
352
325
331
357
350
326
334
361
351
325
334
357
345
330
345
357
335
326
347
361
336
326
348
355
332
328
351
348
325
338
363
345
319
336
358
342
323
337
357
339
324
344
354
334
326
347
352
330
325
353
352
325
328
354
344
321
331
351
340
327
338
352
335
321
341
353
333
324
349
356
325
324
348
347
324
328
351
343
321
333
357
342
319
334
355
341
323
344
351
331
323
346
352
328
324
350
353
328
325
352
349
324
334
354
341
320
334
355
340
322
338
354
333
322
344
355
340
326
342
348
329
328
349
347
324
330
355
346
323
332
351
338
321
336
355
334
325
345
353
329
324
346
349
328
329
348
343
324
331
351
340
320
330
353
339
323
338
351
336
321
340
350
328
321
344
351
325
324
355
349
321
327
350
343
321
331
355
342
321
333
354
340
325
338
349
330
321
346
350
329
327
348
346
323
325
350
344
324
332
355
343
322
334
351
337
319
339
350
336
322
345
350
325
321
346
348
325
327
356
347
320
332
357
345
321
334
354
339
320
339
362
338
323
340
349
328
323
348
353
324
323
352
353
325
325
350
344
320
332
353
338
320
336
354
335
320
338
351
330
323
346
354
328
322
346
346
322
326
349
344
324
333
351
336
318
336
353
334
322
346
350
328
319
343
349
327
322
347
350
326
327
352
344
324
331
351
340
320
336
353
339
321
338
351
333
322
346
353
326
324
350
349
324
326
351
348
326
324
351
348
326
335
353
340
326
337
356
335
323
341
353
327
323
346
349
326
328
351
346
320
329
353
343
320
333
351
336
319
341
356
334
318
341
352
331
323
345
349
326
323
347
345
321
326
350
342
318
331
354
337
315
333
352
334
317
337
349
336
320
340
347
323
321
345
346
324
324
347
343
324
329