341
344
336
336
344
336
329
339
353
342
333
342
349
336
332
343
348
337
336
340
346
336
336
345
332
322
324
342
329
322
322
338
325
323
324
341
328
328
340
349
338
332
344
346
334
334
347
344
336
340
348
339
334
342
349
340
336
340
348
328
330
340
342
323
328
342
342
334
336
347
341
335
337
352
344
335
342
352
343
335
344
349
340
337
344
345
335
340
350
339
334
339
350
344
334
335
348
343
332
335
349
337
330
344
352
335
332
340
348
339
334
345
340
331
335
343
342
336
334
346
339
332
338
349
337
329
338
347
336
326
339
343
328
326
340
339
326
328
341
338
328
329
341
335
327
335
345
333
329
337
343
336
332
341
342
333
332
344
342
330
330
347
342
330
334
344
339
329
335
346
336
326
336
344
336
327
336
341
330
328
342
340
327
328
342
338
327
334
343
337
329
333
344
337
328
337
346
338
327
337
340
332
332
343
339
329
327
342
337
327
333
346
336
324
330
341
339
331
337
341
331
329
341
343
329
329
342
339
326
330
345
341
328
335
341
331
325
339
346
336
325
336
343
332
329
341
342
329
326
341
339
330
332
342
335
328
337
344
334
324
336
343
334
326
337
344
333
325
338
345
333
331
341
340
331
334
344
340
322
333
346
339
328
336
347
335
328
338
345
334
328
340
344
330
332
343
342
329
332
343
340
331
335
344
341
330
334
342
337
329
340
344
335
332
342
343
328
330
344
344
332
332
347
343
330
335
347
339
328
337
346
339
333
340
346
336
332
342
343
335
335
342
346
333
335
348
342
328
337
347
341
333
337
344
340
334
342
350
337
332
344
348
338
337
344
341
333
340
351
344
331
339
351
342
334
340
348
337
336
346
351
339
333
342
348
339
335
346
344
335
339
352
349
333
341
351
342
335
344
352
335
336
349
353
336
333
346
345
336
337
348
345
335
338
347
346
333
334
348
344
333
341
350
343
334
342
347
339
337
346
349
338
334
347
345
331
336
350
341
333
344
351
336
330
344
352
341
330
341
349
340
336
348
346
328
330
352
349
336
336
345
341
338
341
350
339
328
343
348
336
332
344
350
339
334
344
349
333
336
349
342
333
338
348
344
335
338
350
342
329
340
352
341
334
340
348
336
330
349
346
333
337
347
344
331
336
348
343
333
337
347
342
337
341
343
337
336
344
348
336
331
346
346
332
334
346
346
334
333
347
343
333
337
339
338
330
341
347
339
332
342
348
334
333
346
346
334
335
347
339
332
338
350
342
331
333
346
341
333
340
346
337
333
340
348
339
335
342
343
339
336
342
340
330
333
343
338
333
338
350
338
331
342
347
334
328
345
348
336
330
346
344
332
330
346
345
333
334
343
341
334
338
345
343
335
340
342
334
330
346
346
330
331
347
345
331
334
343
341
327
330
343
347
333
333
341
339
334
338
342
330
330
342
344
331
329
340
337
328
336
347
340
328
334
349
342
330
334
341
338
336
339
343
336
330
341
340
332
335
347
340
326
332
346
338
328
336
349
340
326
336
344
335
328
339
344
337
325
340
347
332
329
344
343
330
331
343
341
330
337
344
341
336
342
339
351
371
342
355
349
334
375
338
297
326
363
376
313
302
368
352
314
347
341
342
302
308
375
338
296
330
357
318
310
340
355
326
324
338
358
321
305
345
341
316
320
342
340
326
341
338
321
316
332
344
330
321
338
339
326
320
336
339
326
330
340
336
318
334
344
335
324
328
335
335
321
343
347
324
321
344
342
332
327
337
341
330
329
330
337
334
334
339
329
324
334
343
336
329
333
338
331
331
341
339
328
327
343
336
331
337
345
338
323
330
341
340
330
336
341
332
326
336
340
333
332
342
344
331
332
341
344
331
334
338
338
332
331
343
342
333
337
344
335
327
339
344
334
334
342
340
332
332
342
341
329
332
351
342
326
334
346
339
328
336
342
338
332
340
347
336
333
340
341
332
333
341
342
342
335
343
339
332
335
346
336
325
342
352
340
330
339
344
336
332
343
345
331
334
349
343
334
338
346
341
327
338
352
344
332
336
344
339
333
336
346
339
332
350
347
333
332
344
344
333
337
350
341
333
337
344
339
331
341
351
335
331
343
348
337
334
343
346
335
332
348
349
337
336
350
345
334
338
347
342
334
340
348
339
331
342
350
339
338
341
344
339
341
348
346
334
336
350
345
334
336
350
343
334
340
348
338
332
344
347
339
342
352
348
332
331
341
342
334
339
346
342
334
341
350
342
334
342
351
340
332
343
348
338