345
346
338
334
339
344
335
333
342
345
335
334
342
344
336
336
343
338
336
343
342
335
332
339
347
341
336
342
352
339
333
341
347
339
332
340
347
335
336
346
337
330
336
345
335
328
338
347
340
329
337
347
341
336
342
342
339
338
333
334
334
334
332
333
330
327
322
317
314
320
322
315
302
319
335
321
303
327
341
336
340
340
340
336
335
338
342
352
345
346
345
348
343
345
341
347
351
357
345
340
345
352
348
342
340
344
347
345
353
347
337
340
352
348
337
342
349
344
335
339
349
342
335
342
348
335
330
338
347
339
337
345
344
338
341
346
341
338
341
354
342
331
336
352
344
333
335
346
336
332
338
342
340
338
341
337
334
336
344
341
333
341
346
338
330
336
351
344
334
334
341
338
336
341
340
336
337
352
343
328
335
347
339
332
338
344
336
336
340
342
334
332
340
347
340
335
340
342
338
334
343
344
339
336
350
344
332
341
353
345
331
336
351
339
336
342
343
336
335
344
344
337
338
345
340
331
336
345
345
332
339
342
333
330
338
346
339
330
339
348
337
329
340
339
332
336
349
343
329
329
340
338
330
337
346
336
330
336
348
340
335
343
336
326
328
340
345
333
328
339
340
331
340
343
332
327
337
348
336
324
335
343
338
330
342
347
332
324
338
340
338
332
351
342
331
336
345
345
335
335
347
336
329
342
348
336
329
344
352
340
331
339
338
334
336
351
340
328
337
345
343
336
333
339
336
334
337
340
333
335
343
340
334
341
347
339
335
337
344
341
340
341
339
339
336
340
345
342
338
339
342
338
339
347
340
333
335
342
342
337
340
343
337
337
343
344
338
338
342
344
337
335
344
349
341
337
344
348
338
337
343
343
341
343
344
340
339
351
344
335
334
343
348
341
336
342
347
337
340
344
339
332
336
345
345
338
340
348
344
335
344
346
341
337
350
352
335
334
345
345
336
344
347
341
336
337
342
341
340
344
348
336
329
338
343
334
340
347
342
338
332
338
344
337
336
340
337
332
334
340
340
334
332
343
343
331
334
336
330
331
337
341
333
335
345
341
331
333
342
340
336
337
342
338
331
337
346
338
330
338
344
337
332
341
348
346
344
346
338
332
333
347
354
384
374
326
307
340
484
565
418
428
658
659
660
659
578
468
374
192
197
300
425
470
321
37
126
372
544
609
232
126
251
359
519
387
208
187
312
338
303
308
351
331
308
315
320
313
310
301
294
299
308
309
312
309
290
282
308
333
291
270
298
303
309
337
308
284
301
324
334
314
264
274
291
331
330
274
276
312
321
305
298
303
304
312
343
322
321
319
322
316
316
325
337
337
315
319
328
333
333
342
334
313
319
340
335
320
333
339
328
328
334
333
328
325
334
336
333
328
335
336
326
330
343
342
318
323
336
342
327
329
333
339
334
329
334
332
340
331
334
335
330
337
334
330
333
343
345
327
330
339
334
330
334
340
340
337
339
339
330
329
338
338
330
331
334
337
329
336
340
333
337
336
340
330
331
342
345
325
324
340
343
332
335
345
338
331
339
344
337
331
330
341
341
330
335
342
336
335
333
336
336
333
342
342
334
334
340
334
331
336
343
336
331
336
346
345
334
337
344
336
333
340
342
339
336
348
344
334
336
341
344
333
334
337
335
332
340
348
343
335
345
340
332
332
343
344
337
337
345
348
337
331
338
338
337
340
344
344
341
345
342
338
339
348
347
342
342
344
339
334
338
344
345
341
343
345
342
340
344
344
340
341
348
344
336
336
340
343
344
343
345
338
333
343
348
342
340
332
336
336
334
344
340
332
331
339
342
336
331
341
346
331
330
346
348
336
335
333
332
336
340
339
338
339
343
340
334
329
338
344
335
329
334
339
333
334
339
337
338
341
343
336
330
335
342
340
332
340
341
334
328
335
344
340
338
335
336
334
342
340
335
332
341
344
342
337
328
332
334
336
340
341
334
334
341
343
335
330
336
342
338
332
335
340
338
336
342
346
339
336
339
336
334
343
344
336
329
336
346
337
337
339
337
335
337
344
339
335
336
345
340
332
336
342
338
334
341
343
337
334
344
340
333
330
339
345
340
343
340
338
335
336
343
343
341
339
346
336
333
340
344
340
336
339
342
335
334
345
347
337
335
340
342
340
338
343
342
338
339
340
342
335
341
341
333
338
345
345
336
335
340
345
338
338
340
336
334
338
344
341
338
345
350
334
328
336
344
340
343
350
341
327
330
343
344
337
340
343
344
336
337
342
340
335
340
344
343