340
335
334
341
344
331
333
340
336
330
338
342
334
332
339
341
335
335
345
341
333
334
340
340
334
338
346
336
327
334
340
334
332
341
344
333
328
337
342
335
334
340
341
330
331
339
339
336
337
340
336
333
338
343
336
332
339
347
340
334
338
340
335
335
342
340
334
336
342
342
334
335
341
339
335
338
347
342
329
334
342
338
336
341
343
332
332
341
339
336
342
344
334
329
336
343
338
331
338
342
336
330
337
341
334
334
340
341
334
332
341
341
332
335
343
340
332
336
344
339
334
338
342
339
330
334
340
336
335
338
341
336
336
341
342
338
332
338
341
333
337
341
334
331
337
343
338
332
339
342
337
330
340
342
335
336
340
336
329
332
341
341
333
335
343
338
332
336
340
334
332
340
344
337
334
339
338
334
334
342
340
334
336
343
342
332
335
342
341
331
334
339
334
331
338
346
337
332
337
340
334
338
341
337
331
336
345
337
329
335
343
339
332
338
349
336
331
343
344
337
333
342
345
341
334
338
341
336
338
345
343
332
337
345
340
333
340
345
341
336
344
349
338
333
340
342
335
337
342
340
332
332
342
339
332
337
344
340
335
340
343
335
329
337
340
334
333
337
336
330
333
341
344
330
330
339
338
335
332
336
332
334
338
338
330
328
340
346
334
328
337
341
336
336
340
339
334
339
345
340
332
336
341
344
340
336
340
347
370
380
380
408
430
410
331
346
393
382
311
278
380
363
309
309
281
342
393
301
280
304
332
327
329
342
343
339
326
317
327
349
346
325
337
316
335
327
312
322
335
333
325
328
336
332
320
330
333
328
325
335
332
326
322
329
334
323
327
334
331
325
328
335
330
318
329
336
326
319
332
334
326
321
333
337
330
322
331
338
339
334
332
324
322
334
344
338
334
336
345
343
328
338
343
335
335
342
338
328
336
343
343
334
334
342
342
334
338
340
335
334
342
350
339
328
340
345
340
336
343
341
332
337
345
343
334
337
344
342
331
337
344
341
336
339
346
338
330
338
344
339
336
344
349
342
330
337
340
336
341
343
339
334
339
346
339
332
346
351
340
334
338
342
335
333
341
343
335
335
343
343
339
335
336
335
332
339
344
338
336
344
344
338
330
337
343
336
335
342
343
338
338
348
343
339
337
340
340
337
340
346
338
333
343
347
335
330
338
343
345
334
337
337
332
335
343
341
332
340
346
339
333
335
341
338
333
339
347
342
334
335
341
335
334
350
345
333
332
337
339
334
335
342
340
334
342
350
336
328
336
344
339
334
340
350
337
334
340
345
338
334
341
340
336
344
349
337
328
334
340
336
333
339
344
338
338
341
343
337
330
338
341
335
334
345
346
336
336
341
337
332
338
344
338
333
341
348
340
334
344
346
340
336
346
345
334
338
345
348
336
337
345
342
337
342
346
339
331
337
342
337
334
344
346
341
335
337
341
336
336
343
343
338
340
342
336
331
337
344
339
335
341
344
336
331
338
343
337
334
343
344
332
331
338
338
333
336
343
340
336
338
340
334
330
337
343
340
340
336
333
328
331
341
342
334
337
341
338
335
336
341
336
332
337
349
337
326
334
339
336
333
338
341
336
330
338
340
333
333
340
341
332
332
337
335
332
339
342
332
328
335
340
334
332
342
343
328
328
337
338
333
336
342
344
329
332
340
338
332
336
342
340
339
334
336
334
333
340
342
335
338
341
338
331
334
341
343
338
336
337
337
334
337
342
341
336
341
342
335
333
341
343
342
336
337
336
332
335
343
341
335
337
342
338
334
339
343
337
333
339
351
344
327
331
340
336
333
338
340
336
336
346
340
333
334
341
339
334
339
346
339
332
341
341
333
332
340
343
336
336
341
343
334
331
338
339
333
336
345
340
330
335
343
337
332
340
345
339
332
337
342
336
333
339
340
335
336
347
338
328
334
342
341
333
336
344
339
329
335
343
338
332
338
341
336
335
343
340
329
330
340
339
333
336
348
339
325
330
340
337
330
336
342
338
336
341
338
331
331
339
341
339
334
340
339
332
335
342
341
334
339
346
346
337
332
336
334
334
341
344
338
337
341
341
334
336
341
340
335
338
345
342
333
339
340
335
332
337
341
340
336
337
341
333
332
339
343
337
336
344
339
332
336
344
337
332
337
344
342
339
340
338
334
333
341
344
338
341
342
340
334
338
346
349
334
335
342
340
331
335
344
340
334
339
348
338
330
338
344
339
338
340
342
338
334
341
341
333
336
343
342
340
336
336
332
331
340
346
338
332