312
330
384
403
359
346
354
381
376
353
355
304
323
357
351
335
318
356
372
361
342
321
319
330
343
347
368
365
320
336
348
343
336
343
330
364
358
310
316
327
341
341
328
333
344
342
328
329
332
333
326
334
334
329
331
328
337
330
324
332
335
329
323
336
337
332
323
332
340
329
328
330
338
333
331
333
329
326
334
335
330
331
331
338
335
332
327
329
327
333
332
328
325
327
338
334
330
333
334
327
325
332
336
330
327
334
335
326
328
337
336
329
332
339
336
329
334
336
331
324
333
341
336
326
334
338
331
327
336
337
328
331
337
340
330
328
339
351
330
322
332
335
329
334
342
335
332
334
340
334
328
332
343
334
328
343
339
330
330
339
339
340
337
336
337
328
330
337
334
330
341
340
330
329
340
345
337
329
334
346
334
330
337
343
338
334
338
340
336
336
339
335
330
333
344
338
333
336
337
332
332
339
342
337
334
339
340
332
340
350
337
328
333
340
340
336
336
338
338
335
341
343
338
333
345
342
333
336
341
344
332
337
344
339
336
334
342
341
333
339
342
336
332
341
343
336
333
341
341
336
335
341
345
336
338
352
343
330
333
344
343
336
340
347
345
337
344
350
341
336
343
345
337
333
341
345
339
343
345
342
342
350
347
332
330
339
346
341
336
341
353
341
331
339
342
334
332
343
347
331
330
333
334
332
333
339
335
336
338
337
336
331
335
339
335
330
341
342
336
333
336
338
330
331
343
341
331
334
344
343
332
336
342
335
331
334
342
339
328
333
339
335
335
337
336
332
330
339
340
331
336
344
337
331
334
342
338
330
336
347
336
328
339
343
335
333
343
344
334
331
338
340
332
336
342
339
334
348
347
326
321
335
343
337
333
338
343
338
334
340
343
336
338
349
347
327
328
339
341
333
336
342
340
335
341
355
338
323
336
343
337
332
340
346
340
335
343
340
331
336
342
340
336
340
342
340
338
335
339
336
332
340
344
338
336
351
345
328
327
340
341
334
334
342
341
337
334
341
339
334
340
348
337
333
343
342
332
330
339
342
336
333
341
341
335
342
353
338
323
334
343
340
333
340
346
345
334
339
341
333
334
341
341
336
339
341
338
334
334
340
340
336
338
344
340
338
336
345
340
328
336
343
338
336
344
344
332
335
341
341
334
336
342
342
342
338
335
332
331
338
343
341
333
333
340
337
334
341
340
334
334
344
345
333
332
340
340
334
338
347
343
330
333
342
336
335
339
341
337
334
340
341
336
333
337
339
336
338
342
337
332
338
343
338
333
339
344
342
332
337
340
336
334
342
344
340
338
344
340
333
335
342
341
333
337
342
340
342
345
337
329
331
341
345
339
335
341
349
343
337
343
342
335
339
349
350
338
334
342
342
337
341
344
341
342
340
341
337
336
342
345
337
337
345
349
335
332
341
342
338
339
349
342
332
337
342
338
335
344
346
330
327
338
340
334
334
343
347
336
329
340
341
333
334
341
337
332
332
340
336
332
337
342
336
331
351
344
324
325
335
338
332
332
343
345
330
330
340
341
332
335
342
338
336
346
341
330
326
337
343
337
334
341
339
338
338
338
337
334
338
343
338
333
336
342
338
330
338
345
344
337
333
339
337
336
344
345
335
332
339
341
335
338
348
340
332
335
340
341
336
342
344
336
332
342
344
337
333
340
339
338
333
338
340
338
336
340
338
335
344
343
336
331
335
342
336
330
340
345
336
336
341
340
332
338
345
341
332
330
339
341
334
335
341
338
335
336
338
340
333
336
340
337
333
338
341
334
333
344
336
330
338
348
344
329
331
340
339
333
339
340
333
331
336
343
331
329
341
341
332
334
340
343
338
334
340
339
338
342
339
334
338
340
339
336
336
344
343
336
332
340
345
335
332
343
345
335
332
339
342
333
335
341
337
332
338
344
337
330
337
344
340
330
335
337
335
335
340
340
332
332
339
338
334
338
347
342
329
332
342
336
334
339
343
337
335
342
343
336
331
340
339
338
336
340
336
333
339
343
340
338
337
342
335
330
338
345
343
333
333
336
334
334
340
340
336
338
341
336
331
336
343
343
336
336
342
338
335
337
340
336
334
340
344
338
341
342
336
332
334
342
344
336
334
342
341
336
338
342
343
333
340
345
339
337
344
343
335
335
340
340
337
339
344
342
336
340
344
338
332
339
346
339
336
339
344
339
339
345
342
334
334
346
349
335
332
341
340
334
336
345
339
331
335
339
336
333
336
342
336
329
333
338
334
337
342
341
327
329