349
348
342
345
347
345
341
345
342
342
344
347
340
338
345
354
344
337
346
346
337
336
343
348
341
337
343
344
341
340
349
346
339
336
340
340
337
344
347
340
334
341
345
339
342
347
344
332
333
344
342
334
341
344
338
332
338
343
343
342
339
336
334
336
341
344
336
336
342
342
339
338
345
345
332
332
343
341
335
339
343
340
335
338
339
334
333
344
344
333
332
337
341
334
331
337
340
336
338
338
337
332
337
346
344
340
341
342
334
333
338
341
336
334
342
348
336
332
338
338
332
338
343
336
331
337
346
337
329
337
342
335
338
346
338
327
329
338
337
330
334
338
332
328
333
337
331
325
334
338
332
328
333
338
332
333
339
334
327
328
336
336
331
340
342
330
325
333
339
335
336
340
334
327
328
336
341
334
332
337
337
335
333
336
337
333
331
338
340
328
330
338
335
331
335
338
338
332
336
339
332
332
338
339
333
330
335
338
335
334
345
333
326
334
340
337
333
336
341
336
329
338
344
334
332
335
341
333
332
340
339
332
338
344
333
327
334
341
336
332
340
343
344
336
336
339
334
335
343
347
337
331
341
340
332
335
342
338
336
337
344
345
333
332
337
334
334
342
342
332
333
340
340
335
336
346
340
331
333
342
340
335
336
338
331
331
336
332
327
324
327
329
324
325
330
329
334
324
327
341
317
315
343
316
336
345
347
291
304
346
327
314
338
336
322
313
328
336
315
326
335
328
341
332
330
335
340
331
324
333
329
338
366
364
344
332
328
322
352
350
320
309
314
337
344
353
350
347
347
348
321
334
355
357
340
333
343
338
344
353
355
376
336
324
335
347
355
350
359
342
335
351
344
343
349
349
346
341
350
354
345
335
348
349
340
348
355
339
342
346
342
340
344
350
352
347
337
348
345
339
343
348
349
338
343
350
343
342
339
350
354
341
330
338
343
342
345
349
343
342
345
354
352
338
331
336
339
343
352
345
331
335
342
342
336
338
345
341
338
361
345
322
324
338
344
340
340
350
335
326
334
347
343
329
330
340
339
336
340
348
338
324
331
339
339
332
340
351
337
328
332
337
330
330
340
341
337
340
339
329
324
334
339
337
330
336
340
337
334
347
344
327
323
335
340
338
333
339
337
334
336
343
340
337
346
339
331
324
332
340
337
338
341
338
332
335
344
345
333
334
341
346
343
339
336
330
330
340
347
339
333
343
349
339
330
332
336
330
331
338
340
334
347
338
328
323
333
342
338
331
336
342
345
334
328
331
330
330
338
341
337
330
336
343
331
328
336
337
334
339
343
340
325
332
337
333
329
336
342
341
334
344
334
324
330
339
342
336
338
346
340
331
332
339
338
334
339
343
337
344
340
331
328
327
337
342
336
343
343
336
328
332
340
340
333
336
342
341
344
344
334
332
327
336
340
335
336
344
344
329
330
338
340
335
335
340
341
343
349
337
330
329
337
342
338
335
342
348
344
337
332
335
333
336
344
342
340
340
342
336
339
337
339
338
336
343
352
343
334
331
334
334
334
342
343
338
335
338
342
340
339
338
335
334
346
349
341
330
337
338
335
335
341
341
337
336
340
342
337
333
337
338
337
341
339
332
331
338
344
338
334
342
348
330
323
340
343
334
333
338
340
339
341
339
336
334
336
342
338
333
339
343
350
333
325
333
334
334
340
341
341
334
336
337
330
335
340
341
340
341
337
330
327
334
341
335
335
344
345
327
325
340
341
333
333
343
347
337
342
342
333
329
335
341
338
333
339
343
336
332
339
342
338
333
338
334
333
334
338
340
335
339
348
342
333
332
339
337
330
338
351
333
323
338
345
336
330
339
341
337
339
341
341
334
336
341
337
332
338
353
341
325
333
340
334
330
336
338
331
328
333
331
328
330
337
325
324
317
323
322
318
322
334
336
330
331
333
326
321
328
331
324
320
329
317
313
310
321
316
312
308
324
322
314
324
327
328
326
336
344
339
330
330
330
327
321
335
338
332
333
338
333
331
337
348
344
337
344
351
344
335
342
355
345
339
344
357
340
337
350
356
347
340
347
347
341
340
351
351
345
342
355
355
347
340
347
347
346
347
352
345
340
348
352
347
345
350
348
347
342
352
344
337
339
352
348
342
345
352
342
339
352
356
343
336
340
349
347
343
354
346
335
338
346
342
337
340
345
342
337
343
350
348
339
333
352
339
325
328
348
339
344
369
363
340
339
356
352
340
343
338
296
288
303
323
316
303
316
324
308
300
308
317
305
304
318
329
306
301