342
338
333
332
337
344
338
336
334
335
336
341
340
341
334
334
336
336
335
337
342
338
334
334
342
340
339
340
334
333
335
339
340
337
338
340
338
333
336
340
335
335
340
343
340
333
335
340
338
337
341
336
340
337
334
334
335
336
338
338
337
337
341
342
334
334
340
338
336
338
339
339
338
337
340
339
336
338
340
343
338
336
341
337
337
339
338
341
335
336
337
338
339
341
339
337
338
342
337
338
341
339
334
335
338
338
338
340
340
336
338
337
336
334
336
340
338
336
336
336
337
336
336
339
337
335
334
337
346
338
332
336
337
337
341
336
335
333
336
341
338
335
336
340
338
338
335
337
336
337
338
338
335
336
338
335
334
338
338
337
335
337
337
336
334
336
337
338
338
337
335
334
337
339
336
335
336
338
336
337
338
335
336
339
335
338
336
337
339
338
340
340
336
338
340
336
338
342
343
339
335
334
335
339
343
340
335
336
340
338
338
342
341
339
335
341
343
334
334
338
339
338
339
344
337
336
339
341
342
337
336
338
337
337
338
344
336
332
340
345
336
332
338
342
343
338
336
337
342
340
341
334
333
339
341
340
336
337
340
338
341
341
340
339
338
339
339
338
341
340
338
342
341
338
338
339
338
340
336
335
338
341
337
335
338
340
337
334
338
338
336
336
336
335
337
340
336
333
334
337
340
337
333
338
340
339
336
340
339
334
333
337
340
336
335
336
337
339
339
340
339
336
337
338
338
331
332
336
338
340
336
337
339
336
336
334
334
337
337
338
335
339
339
340
341
338
334
333
336
344
339
333
336
342
341
334
335
342
342
334
338
338
336
332
336
343
338
337
342
337
332
337
338
338
335
335
344
338
334
334
337
338
336
335
336
338
336
335
336
336
336
338
337
337
337
344
338
330
332
339
340
334
336
339
337
334
337
338
334
333
336
339
336
336
335
338
343
338
330
333
334
337
335
337
336
336
338
336
336
332
340
354
339
348
400
430
391
345
372
368
371
312
288
317
393
367
325
334
360
337
338
371
372
335
327
344
338
318
339
361
335
322
330
351
345
339
326
342
354
328
320
342
344
341
336
330
330
341
334
336
340
338
334
336
334
337
330
328
335
333
328
336
334
324
321
330
332
331
326
325
337
330
326
322
329
323
328
329
334
330
321
328
332
333
331
330
331
326
327
328
333
340
338
344
326
322
328
335
336
329
328
330
335
336
337
336
334
339
340
333
332
335
334
337
334
338
334
339
334
332
332
340
340
335
328
334
339
337
333
332
340
342
334
332
334
340
343
334
332
334
334
336
336
342
342
333
331
338
336
341
337
330
331
343
346
334
336
334
331
333
340
343
337
338
341
336
335
336
336
342
337
333
337
340
340
335
334
333
335
336
336
338
338
338
340
337
333
337
340
338
337
340
338
339
341
338
336
337
337
337
336
336
337
340
339
343
336
336
334
335
340
344
337
333
336
345
340
332
333
341
345
340
330
331
336
338
340
342
340
338
338
339
337
338
333
333
335
337
340
341
348
337
332
334
334
336
338
339
338
339
339
334
338
341
340
336
338
337
336
336
339
340
339
342
337
338
334
333
336
337
336
341
341
344
336
331
337
342
340
341
338
336
338
339
340
340
337
343
338
334
334
338
340
342
340
340
340
335
333
337
335
337
338
339
339
336
336
339
341
340
342
340
336
332
338
338
336
336
337
338
337
338
340
335
335
341
342
339
335
337
341
341
335
336
345
337
332
338
341
341
337
335
337
338
334
341
344
335
335
340
340
338
334
340
338
336
339
340
338
339
338
338
337
335
339
342
342
336
339
337
338
338
337
340
337
337
342
340
334
337
342
342
337
337
336
339
339
343
345
336
337
341
341
337
336
340
341
336
335
337
339
339
339
340
337
338
342
341
342
334
335
340
338
340
341
340
336
338
343
342
337
339
339
338
340
340
343
342
342
337
340
338
336
342
341
338
343
343
340
337
337
339
338
338
339
338
335
337
339
342
339
336
336
339
336
337
340
339
336
337
339
339
337
341
338
339
337
339
339
338
336
337
341
339
341
341
340
336
336
340
337
335
342
342
337
335
341
340
336
338
339
338
333
332
337
338
339
339
337
338
338
340
337
339
337
335
338
341
336
336
340
334
331
335
341
342
341
338
331
328
334
337
338
336
334
336
335
338
340
337
333
335
334
336
336
338
336
335
334
339
340
333
331
334
339
334
330
330
337
340
335
334
336
338
332
333
340
337
332
334
342
338
335
337
338
340
340
340
342