334
336
343
346
334
336
343
339
334
336
346
342
340
337
351
341
334
334
346
340
335
342
348
343
328
335
338
340
337
345
339
337
338
347
342
332
336
344
339
331
342
344
332
324
340
341
338
332
347
349
336
331
344
348
332
335
340
345
334
334
339
340
328
334
341
340
334
345
348
336
330
336
348
335
334
344
341
329
332
337
336
332
339
346
337
334
338
350
342
332
333
348
336
333
348
346
324
324
337
342
333
337
349
339
334
332
348
340
330
335
349
332
324
337
341
334
330
343
343
333
329
344
345
339
340
347
342
329
332
343
343
333
343
340
332
326
337
341
343
339
347
340
331
330
337
341
331
338
345
339
326
337
343
334
328
339
343
337
333
341
348
341
336
336
344
334
338
341
335
325
334
343
336
331
336
346
340
335
335
348
336
332
336
341
336
333
340
341
334
332
341
338
337
332
346
342
333
336
348
342
332
336
340
335
333
340
340
338
332
342
348
339
334
337
336
329
334
347
337
327
333
341
338
334
334
349
339
327
334
342
336
333
337
339
338
336
344
343
331
330
339
342
339
334
336
336
333
337
343
334
331
337
344
336
338
341
334
333
338
348
344
325
328
340
341
332
334
340
336
332
341
343
332
329
338
340
333
333
342
344
334
331
340
342
333
333
345
345
333
334
336
334
332
337
344
338
333
341
340
334
334
341
341
335
333
341
338
332
336
342
341
332
333
342
341
333
338
341
336
336
342
346
334
330
342
350
340
334
341
341
336
336
343
341
332
338
351
342
326
333
345
339
334
338
342
336
336
351
348
331
326
338
343
341
339
340
338
329
336
345
342
334
331
340
336
336
342
342
332
329
343
345
333
332
338
341
338
333
340
339
336
341
343
334
330
344
342
336
330
338
345
335
333
338
342
336
333
339
338
331
339
345
334
327
336
344
339
331
337
342
341
331
337
344
335
331
340
341
334
335
345
344
336
331
337
340
334
336
341
339
334
342
344
336
333
340
343
336
338
341
343
354
370
364
375
418
379
352
369
348
297
358
389
365
354
388
303
285
370
339
328
313
312
341
343
353
342
315
317
332
334
335
337
334
326
329
321
328
347
332
322
338
334
324
323
331
346
329
320
330
337
341
341
333
317
328
331
337
325
319
331
345
339
327
337
351
341
333
344
348
336
332
344
347
344
345
346
347
341
340
350
348
353
348
341
337
338
346
351
341
334
342
345
339
338
350
351
341
333
344
347
342
342
346
340
329
334
345
343
335
339
344
342
335
339
339
336
336
344
344
331
330
343
341
329
334
344
341
330
334
337
336
333
336
342
333
328
338
350
342
326
329
334
335
332
339
337
331
334
345
346
338
334
334
327
324
334
342
338
328
334
336
335
336
341
338
333
335
350
343
326
322
334
335
332
334
338
337
329
334
340
335
329
343
344
338
326
334
330
323
321
338
331
328
328
336
333
324
326
339
329
320
329
336
332
324
331
334
328
321
339
339
330
324
338
327
325
326
343
337
329
330
341
333
330
332
342
337
328
332
334
331
328
333
335
331
329
340
333
326
328
340
329
326
327
337
329
330
334
333
326
323
332
335
328
323
335
338
331
322
332
328
329
324
339
328
326
326
333
328
325
331
336
326
329
338
340
320
316
327
331
330
324
330
332
327
322
333
328
327
327
337
329
330
339
336
321
317
329
331
327
327
335
333
329
328
340
324
320
324
337
328
325
328
347
334
325
330
334
326
322
333
338
333
334
338
330
331
323
335
332
333
330
344
335
337
330
334
332
329
333
336
329
324
334
340
335
328
332
330
330
326
336
329
336
338
330
317
311
321
329
326
322
322
326
321
321
331
336
324
321
327
328
323
326
334
330
323
330
335
334
323
329
334
331
327
331
337
328
325
333
335
328
328
337
342
328
322
333
336
331
335
339
335
326
332
341
335
333
338
338
330
328
342
345
334
331
338
340
335
336
342
336
344
338
340
334
331
338
345
336
330
341
343
335
334
341
346
340
336
341
340
335
340
346
340
333
341
352
340
332
338
346
342
339
343
348
334
333
342
345
339
338
346
347
340
337
346
345
338
343
342
339
334
340
352
346
336
342
353
341
332
344
345
340
340
350
345
334
336
346
346
338
339
347
345
339
341
350
348
338
344
342
336
337
346
356
343
341
342
344
335
338
350
346
339
344
353
349
337
338
346
343
339
350
349
339
335
343
347
340
341
351
351
347
342
342
339
336
342
351
350
343
347
344
339
336
346
350
341
343
349
346
340
341
343
342
336
341