333
340
342
336
337
341
338
336
336
340
338
337
336
336
338
340
342
335
335
337
338
341
336
330
335
339
336
337
335
338
338
340
339
337
332
344
342
330
332
338
339
340
339
334
339
339
336
336
344
342
336
333
334
339
332
341
342
339
342
342
339
331
338
339
336
341
335
337
340
334
340
337
339
335
336
338
337
338
338
338
340
339
332
334
334
340
338
337
335
333
334
341
338
334
340
332
329
334
342
333
330
336
340
337
345
357
335
325
366
430
369
306
372
375
325
364
348
341
354
319
328
416
321
296
363
419
368
333
318
361
369
366
295
331
357
343
362
331
370
373
290
327
369
373
314
302
327
354
357
349
335
326
338
356
354
338
346
338
309
320
332
343
339
330
331
334
330
331
331
335
332
330
327
337
338
315
321
331
332
326
338
330
330
332
329
327
340
334
325
328
333
336
326
323
341
334
324
332
325
330
329
326
332
330
330
326
326
325
331
329
332
331
327
324
324
328
334
336
337
327
322
332
328
324
331
339
326
320
325
325
330
332
334
331
323
320
327
330
326
329
334
346
332
312
318
324
326
329
329
328
330
344
331
318
321
328
328
328
330
334
333
334
327
325
319
324
330
331
329
328
332
337
346
325
318
321
327
330
333
334
336
333
332
335
328
324
328
332
333
333
341
336
332
332
329
330
333
336
337
336
337
342
346
332
333
330
332
332
334
337
336
337
330
334
341
334
328
332
335
336
337
339
337
340
343
336
330
330
335
339
340
339
337
334
342
343
334
331
330
335
340
344
340
336
336
335
336
336
338
337
338
339
347
350
332
324
330
336
340
339
336
337
343
341
339
336
333
334
335
335
338
340
347
335
331
335
336
337
339
338
337
341
346
345
339
333
338
340
338
340
340
346
337
336
339
341
344
341
338
338
342
349
348
330
334
341
342
337
337
345
342
337
340
345
340
339
343
340
340
340
346
336
337
336
339
340
338
341
341
341
338
336
341
344
341
338
336
338
342
337
336
338
338
346
340
340
337
343
343
341
341
343
340
343
344
340
339
340
342
345
347
346
339
341
343
346
346
344
343
346
350
349
341
335
339
342
343
343
344
343
355
348
334
336
338
340
341
341
341
349
345
339
333
339
342
341
340
341
342
344
356
340
331
336
337
339
339
339
348
347
334
331
336
340
339
340
342
342
343
342
338
345
338
333
338
341
338
347
341
334
333
335
339
340
340
340
344
346
349
339
331
331
338
344
342
340
345
345
338
331
336
344
340
338
339
341
342
353
346
336
330
334
341
344
341
341
343
344
350
345
333
331
335
341
343
340
340
348
351
338
334
337
341
342
339
341
346
346
343
338
336
336
339
342
342
344
344
348
343
336
337
342
340
336
340
351
345
337
334
336
340
340
341
340
340
345
345
336
333
333
337
340
336
338
341
345
340
338
337
337
339
342
342
341
345
335
333
334
337
339
337
337
339
341
344
342
330
330
331
333
336
339
338
347
336
330
331
334
338
337
336
337
340
348
340
330
327
332
337
336
343
339
339
335
334
336
338
338
339
340
344
336
332
328
331
333
336
338
338
344
342
328
330
336
336
335
335
337
336
336
342
344
334
328
334
339
338
336
339
344
336
331
331
334
341
337
335
335
338
342
340
334
331
336
338
340
338
336
338
337
335
339
338
335
337
342
338
336
338
340
341
336
337
345
343
337
338
340
339
338
339
341
344
336
334
333
337
340
341
340
338
344
337
336
336
336
340
338
341
339
337
335
337
339
343
342
336
339
338
337
340
341
338
338
340
339
338
342
342
341
339
343
341
338
336
337
340
341
337
340
342
343
339
341
337
339
343
341
339
339
342
346
342
338
337
341
347
340
336
340
344
341
338
337
339
342
341
341
342
341
338
338
339
339
342
338
338
336
345
346
337
334
338
340
340
338
340
342
340
343
344
345
338
336
338
338
341
343
344
336
342
342
344
346
336
339
339
337
337
339
341
337
339
342
340
339
339
337
338
337
340
343
340
336
339
343
345
343
349
345
331
333
341
343
343
345
348
335
336
341
343
341
342
348
340
333
334
337
339
345
347
333
332
334
336
339
340
335
331
333
333
332
335
344
340
332
327
332
332
333
337
340
338
329
330
332
332
334
335
335
336
348
335
324
329
334
335
333
340
340
332
330
331
335
334
334
337
345
336
332
328
331
332
331
342
337
325
328
336
335
333
333
332
339
330
329
332
334
337
328
329
333
332
333
334
330
330
331
332
330
331
336
335
333
329
329
333
341
334