328
327
336
327
336
334
337
318
324
329
325
312
321
323
318
314
324
330
316
315
331
337
315
317
326
337
318
324
328
336
316
321
321
320
314
328
339
329
309
316
331
329
322
325
334
324
324
327
338
324
330
328
332
315
330
337
337
320
332
331
324
309
327
339
334
337
340
344
329
328
333
349
336
344
340
351
329
335
341
347
333
340
336
335
331
338
345
341
345
352
360
348
349
354
363
339
347
353
362
341
349
362
369
358
360
364
360
349
356
367
357
358
358
362
352
350
363
364
352
347
355
357
349
347
352
354
347
347
356
352
344
348
356
353
345
347
355
349
342
346
354
348
342
350
352
345
344
349
351
341
340
348
351
343
342
350
345
334
340
354
348
339
342
351
338
331
343
356
343
336
344
348
339
335
344
347
338
339
346
343
334
339
349
342
330
341
353
343
332
340
346
338
330
338
347
339
332
342
345
334
333
339
343
336
336
343
337
332
336
347
340
324
331
344
341
333
338
343
336
332
341
342
331
325
344
347
333
331
343
340
331
332
343
337
331
336
344
334
328
338
342
334
330
339
338
336
334
340
338
328
330
340
338
326
324
339
342
331
333
341
334
328
335
340
335
330
339
340
331
330
339
336
324
336
350
343
329
330
341
338
327
332
341
336
330
338
343
333
328
338
342
331
332
343
341
331
331
342
340
328
331
336
336
335
337
343
337
329
336
341
336
325
336
349
338
330
339
341
331
330
337
337
332
337
344
339
328
333
343
338
329
332
340
338
332
338
343
334
328
336
342
331
331
339
340
330
330
336
338
332
332
343
338
328
334
340
336
329
337
343
331
331
339
343
334
330
337
340
329
333
343
339
328
334
343
337
328
338
345
337
328
339
345
334
327
338
343
334
329
340
342
331
332
341
339
329
331
346
342
331
332
342
336
331
337
341
338
333
340
344
334
330
339
343
332
331
340
342
331
333
344
340
327
333
345
337
325
336
344
336
329
340
347
336
330
339
340
331
332
342
345
333
333
343
336
330
335
341
340
330
335
344
336
330
335
344
335
329
340
344
336
332
343
342
331
331
342
343
332
336
344
341
329
336
347
338
331
338
344
336
330
342
345
335
331
340
341
334
334
344
341
330
331
346
344
329
334
344
338
334
339
343
335
331
339
345
337
331
339
344
335
334
339
340
333
336
343
340
330
336
346
342
331
336
344
336
330
336
345
337
331
339
344
336
333
340
340
333
332
342
344
331
331
343
340
331
336
346
338
331
337
341
338
332
340
346
336
334
342
344
331
332
343
339
330
336
347
342
330
339
346
338
332
337
344
338
330
340
344
336
332
340
343
333
334
343
342
333
336
345
339
332
338
345
339
333
338
344
338
333
336
346
340
337
342
344
334
335
343
343
335
334
343
341
332
335
345
341
332
336
342
342
334
339
346
336
332
342
344
336
333
342
341
332
336
345
343
331
333
344
341
332
338
347
338
330
338
345
338
331
340
344
335
332
341
345
336
335
343
344
331
336
348
343
332
337
345
343
333
338
346
339
332
341
348
335
332
343
345
335
332
342
346
336
333
345
345
334
335
340
339
335
338
344
334
329
339
346
336
329
340
346
336
336
341
337
331
333
343
341
332
335
345
339
330
334
343
339
328
335
345
336
331
339
346
336
333
338
342
333
335
348
346
337
347
368
377
454
533
520
535
528
431
429
581
423
276
329
473
472
350
210
256
272
402
339
357
215
358
365
286
216
241
340
393
331
251
293
256
259
291
298
297
305
305
288
294
312
320
316
319
325
320
296
318
342
328
299
315
374
354
304
304
292
313
329
350
306
311
323
319
296
306
324
339
307
310
323
332
320
306
316
330
321
320
320
315
313
326
331
323
314
318
329
332
321
320
333
328
319
325
338
324
324
330
330
329
328
326
330
331
326
329
337
332
325
333
336
332
329
337
340
329
331
338
335
325
333
344
337
333
337
346
339
330
336
341
331
328
345
352
334
322
337
343
337
334
344
344
333
334
342
341
334
337
347
347
342
340
340
334
335
345
346
332
342
359
343
329
334
348
345
332
335
348
337
342
347
346
338
333
342
348
340
333
342
360
347
332
343
348
340
341
347
344
347
338
344
343
336
341
350
344
336
342
352
342
339
347
348
339
338
345
345
338
341
346
348
341
338
346
344
337
344
351
344
331
344
353
342
332
340
348
344
338
342
352
341
337
348
348
338
338
349
348
343
350
345
340
338
344
346
340
336
347
347
340
340
347
348
339
337
345
347
341
344
346
341
337