340
354
343
331
341
350
340
334
344
349
338
334
347
348
334
334
346
343
332
336
349
342
332
339
350
342
329
334
346
340
330
340
347
336
332
341
344
331
332
345
342
329
332
348
342
325
329
343
337
327
335
344
334
326
336
344
333
327
338
340
329
329
341
340
326
328
341
338
327
332
343
335
324
332
343
335
326
337
343
331
325
337
342
329
326
340
340
325
327
342
338
325
328
340
338
326
332
342
334
327
335
343
331
326
337
340
332
328
339
340
329
330
342
342
328
330
343
340
325
332
347
338
324
332
346
335
328
340
343
331
326
340
342
330
328
340
343
329
332
346
342
326
332
345
339
328
336
346
337
328
337
347
334
327
341
346
332
330
342
342
330
332
345
343
328
333
347
341
330
337
346
338
326
338
347
336
328
339
344
334
328
339
345
329
329
345
342
331
334
346
342
329
335
347
337
326
334
345
337
327
338
348
334
331
341
346
334
329
344
345
330
331
344
343
330
334
347
340
330
338
348
337
329
341
349
333
327
340
348
336
330
340
344
332
330
345
345
333
335
348
343
329
336
349
338
327
334
345
339
329
341
346
335
331
341
344
331
333
345
342
330
333
347
338
327
336
349
340
326
336
346
339
328
339
346
336
333
344
347
332
332
345
345
330
333
348
342
330
335
346
341
331
337
347
339
330
338
346
336
331
337
345
333
331
343
343
329
329
345
341
328
331
346
342
326
332
345
337
327
335
342
335
331
337
342
333
331
342
343
330
330
346
342
330
329
344
342
329
333
344
338
327
336
346
337
327
337
345
335
329
341
343
331
329
344
348
337
344
369
369
375
388
366
346
380
369
331
357
375
346
377
359
309
345
376
296
258
303
348
319
314
368
352
335
299
290
304
324
353
313
289
302
320
339
330
311
323
320
308
312
328
324
305
305
323
328
313
318
329
333
317
310
328
328
309
311
330
323
308
320
331
320
314
325
329
318
316
334
330
317
322
339
328
314
325
340
326
318
327
340
329
318
328
339
329
321
332
337
328
331
342
339
325
330
343
335
326
337
344
333
323
332
348
339
327
336
340
332
332
342
346
337
330
340
344
330
334
347
344
330
334
348
336
327
333
347
340
329
336
344
338
327
338
344
335
328
340
344
332
331
340
340
326
329
342
343
329
327
342
339
329
332
341
334
326
336
343
332
335
342
342
328
328
341
342
330
330
345
338
324
329
344
340
330
334
341
338
331
338
344
333
328
337
345
333
326
336
340
328
326
340
341
327
330
340
338
329
333
342
335
326
336
341
332
325
341
342
327
326
337
339
328
324
338
336
324
328
340
338
325
331
343
331
324
332
340
331
325
336
344
333
328
335
343
328
324
341
340
324
328
341
339
331
333
343
334
324
335
345
334
329
340
345
332
323
341
347
332
328
340
342
331
328
342
340
327
332
345
338
327
333
344
338
323
334
348
336
326
339
345
332
329
341
341
330
329
340
342
328
332
347
340
326
336
349
340
328
338
345
333
330
343
342
331
326
340
343
332
332
339
342
330
332
346
339
326
334
346
338
327
337
348
338
331
341
346
334
330
344
348
334
332
343
344
333
332
344
341
334
337
346
340
330
337
345
339
332
342
348
335
330
339
343
333
330
345
344
330
331
344
343
331
336
344
337
324
332
346
336
325
335
345
335
329
335
344
333
328
340
342
332
332
340
340
330
332
344
341
329
334
348
340
328
335
342
332
328
340
345
332
332
341
340
331
330
342
342
328
331
345
340
324
332
349
342
328
334
344
336
327
336
344
336
331
341
345
334
329
340
341
328
330
345
341
329
332
345
341
325
332
344
340
331
338
347
336
330
343
345
331
329
343
344
331
332
347
345
332
332
349
343
330
336
348
339
329
337
345
330
326
339
346
334
330
343
347
336
335
352
351
338
337
351
346
333
332
349
334
324
329
340
320
314
323
333
319
318
320
326
320
315
318
328
340
344
366
360
364
351
371
354
359
328
348
332
342
308
308
265
254
249
266
250
254
256
265
251
246
246
248
239
236
253
253
265
251
262
246
254
245
281
284
310
300
317
309
321
321
331
330
323
320
320
318
316
339
329
326
318
342
325
330
309
338
322
331
323
345
312
320
319
339
328
328
339
348
343
345
372
368
357
334
362
352
355
343
376
354
356
345
370
341
347
348
361
325
324
325
334
332
330
331
314
296
295
309
308
312
317
327
314
324
317
334
314
311
312
334
318
329
332
335
313
322
340
347
324
322
343
346
333
343
368
357
352
346
365
347
345