323
335
335
325
328
337
330
329
333
340
332
323
331
335
334
328
331
336
328
324
332
333
325
327
338
337
327
329
339
334
326
329
336
330
324
328
336
331
326
335
343
329
322
332
336
329
329
337
340
328
327
339
337
328
329
339
335
324
332
342
333
327
340
342
331
326
334
339
332
329
340
340
331
330
342
342
330
330
337
334
331
336
343
334
327
334
341
331
330
339
340
330
331
341
338
328
327
339
338
328
333
339
334
328
335
339
331
324
336
343
331
325
333
340
334
327
337
338
329
332
336
338
330
327
336
336
327
329
335
334
327
334
337
332
326
331
339
336
329
333
338
327
326
341
342
327
324
338
341
328
330
339
337
327
334
340
334
330
330
336
334
330
336
338
328
328
337
337
329
329
337
340
332
329
337
334
328
335
342
332
327
334
341
331
331
336
335
328
330
340
338
326
330
341
337
328
331
341
343
326
327
342
336
326
335
343
333
328
340
343
336
327
340
343
336
329
335
337
331
332
340
336
330
336
345
339
326
333
345
337
332
334
338
335
332
340
343
334
331
340
340
334
337
342
336
326
334
343
339
328
332
344
337
332
342
339
326
327
337
341
333
328
338
342
333
328
339
340
330
338
341
334
328
333
342
343
354
354
343
343
371
375
365
328
376
313
283
332
368
380
304
318
364
339
345
345
331
347
368
326
320
355
359
298
318
355
322
339
353
378
351
299
309
350
363
328
343
334
324
344
359
331
312
348
361
320
324
351
348
343
342
337
330
329
338
349
339
329
336
350
340
330
330
335
336
330
331
336
348
339
331
329
326
326
341
341
324
317
333
340
329
327
333
334
317
327
340
332
322
328
334
330
326
328
333
330
325
332
336
329
329
341
337
322
316
337
340
326
326
336
334
329
333
336
332
333
333
335
331
326
330
338
332
327
336
337
330
329
339
338
327
328
340
338
330
331
338
333
331
334
335
330
331
337
337
329
332
339
338
329
330
342
341
329
329
345
338
329
332
345
339
327
335
341
337
332
338
340
340
335
337
340
332
332
342
344
331
330
343
344
331
333
344
341
332
337
343
337
333
339
342
335
335
338
343
334
330
344
345
333
337
344
342
333
336
342
338
327
337
348
342
331
337
345
341
337
339
343
336
332
341
342
331
333
344
343
331
335
346
340
333
338
344
337
329
342
346
334
331
340
345
336
334
339
342
339
336
342
338
329
334
347
341
329
335
344
340
330
335
345
338
332
340
343
336
332
343
345
330
332
346
342
330
334
347
345
331
332
342
335
332
338
345
339
333
338
343
335
334
342
343
335
334
345
345
333
332
338
343
333
335
345
342
334
337
344
335
336
340
342
338
335
340
342
335
336
342
342
334
337
346
343
331
337
348
340
332
336
346
342
334
340
347
341
336
337
339
338
339
344
342
332
334
346
344
334
338
346
342
335
338
345
345
333
336
343
338
335
342
346
333
334
347
344
336
335
343
340
333
337
341
341
331
333
347
341
332
338
346
336
334
340
344
334
331
344
340
334
338
345
341
332
334
343
339
331
339
347
333
335
341
344
336
332
339
345
338
334
340
343
336
336
343
341
333
335
346
343
329
340
348
340
330
336
344
337
333
336
343
342
333
338
342
334
333
342
344
336
334
343
342
333
336
344
339
330
338
346
338
332
341
345
336
330
343
345
332
334
347
343
331
333
342
343
332
334
344
339
333
338
346
339
330
340
344
334
331
339
340
334
335
344
343
332
335
344
342
334
331
346
344
334
337
344
338
333
340
346
335
331
340
345
337
334
343
348
329
330
346
346
331
334
344
344
335
333
346
343
334
338
344
338
332
340
346
335
335
341
343
334
334
342
344
334
333
341
348
338
337
342
338
332
338
345
342
335
337
342
337
334
341
344
335
334
339
341
338
336
342
341
332
336
345
340
330
342
346
336
331
340
345
336
332
340
342
334
336
344
344
333
333
347
345
331
335
344
340
334
339
344
340
334
339
341
338
336
344
343
334
333
344
341
335
336
343
344
334
336
344
341
334
337
344
342
332
342
345
337
331
341
346
333
333
344
345
332
332
343
347
335
334
345
342
336
338
344
341
332
335
342
339
334
342
345
337
333
341
343
335
333
346
347
332
333
344
342
334
334
343
341
332
334
345
341
334
338
343
337
332
340
344
336
333
344
344
334
335
342
342
331
338
348
342
331
334
342
340
335
336
340
335
333
341
346
333
330
340
344
334
332
341
342
330
331
342
342
333
333
341
339
332
337
344
338
333
338
344
335
335