340
330
332
344
340
330
334
346
341
330
336
344
337
330
338
345
336
332
340
341
333
334
344
343
330
333
343
339
330
336
344
336
330
337
344
337
329
338
344
334
330
341
346
336
332
342
346
333
332
344
343
329
334
346
341
331
336
346
340
333
339
345
336
332
341
346
335
332
344
344
332
333
344
342
332
335
343
342
333
336
345
341
333
340
346
338
332
342
348
338
334
344
348
336
337
350
350
337
338
349
346
337
340
349
345
334
341
350
343
334
342
350
342
338
344
348
338
337
347
348
335
334
345
345
334
338
346
344
336
339
346
342
333
341
348
340
336
344
346
339
334
342
344
334
337
345
344
334
337
347
343
333
341
345
338
332
340
347
340
332
340
346
337
333
344
348
340
336
344
344
335
337
349
344
332
337
347
343
337
339
346
340
335
340
345
337
335
343
343
334
334
343
342
331
334
345
342
334
336
345
342
334
338
344
339
331
339
348
339
332
340
344
335
335
344
345
334
333
345
343
337
339
345
342
336
338
345
340
333
342
346
340
334
342
345
338
335
342
343
336
335
346
343
331
336
346
342
332
337
348
344
337
341
344
340
334
341
345
336
336
346
347
336
335
346
342
332
337
346
342
334
338
348
342
333
339
347
339
332
341
346
340
335
343
347
337
336
344
343
333
337
349
345
333
333
344
344
334
337
348
343
334
337
343
337
334
342
344
334
334
344
344
336
336
344
344
332
332
345
343
332
337
345
338
333
338
346
340
332
340
348
336
331
341
343
332
332
342
344
332
332
343
340
330
335
344
338
328
338
345
336
332
337
342
334
331
340
340
332
332
340
340
330
331
342
341
329
331
341
337
332
335
341
338
331
336
343
334
330
340
344
331
328
340
342
333
332
342
340
331
332
340
337
332
338
343
338
331
338
343
336
333
340
343
333
331
341
343
334
333
344
341
330
332
341
340
332
335
342
339
332
337
344
338
333
339
342
336
333
340
342
334
338
348
342
329
330
339
338
330
337
343
338
334
343
348
334
326
338
349
339
330
338
346
346
346
349
375
417
422
385
377
402
379
317
343
361
313
290
320
366
317
302
341
318
307
343
391
343
282
298
328
324
324
352
322
294
314
335
336
322
319
329
322
320
332
325
319
327
333
331
315
324
335
336
347
328
320
318
330
346
339
325
333
341
334
329
333
337
333
326
340
340
326
324
336
339
328
329
340
336
329
329
340
338
326
330
341
336
327
332
342
332
325
337
343
332
331
339
340
330
328
340
343
329
331
341
338
330
333
342
341
335
336
341
337
329
337
344
336
332
341
344
334
331
339
344
336
332
340
339
332
333
342
343
334
335
341
338
329
337
348
337
329
334
345
338
332
339
342
333
336
343
340
329
332
342
341
336
336
342
338
330
335
342
339
334
339
346
338
329
336
341
335
334
342
341
332
334
344
342
333
338
346
339
328
334
346
340
331
337
353
342
327
336
344
333
334
344
343
336
336
342
340
332
335
345
340
331
335
348
346
335
336
342
336
330
340
348
341
336
341
343
334
332
343
342
333
336
345
340
331
336
342
336
330
336
345
338
330
338
344
336
331
343
344
335
334
342
339
332
336
345
342
332
333
345
345
333
337
343
336
331
342
348
336
329
341
344
335
332
342
342
332
331
343
340
332
338
348
338
331
336
343
340
333
339
344
335
331
340
342
336
335
344
347
344
335
335
337
330
335
344
340
332
336
343
342
332
340
348
338
329
341
346
336
331
339
345
339
335
341
343
332
334
348
343
331
336
346
343
334
341
346
338
331
340
346
336
332
340
346
340
339
339
343
335
335
344
344
335
337
341
342
335
338
345
339
332
339
349
344
336
340
343
337
336
343
345
335
335
347
343
332
337
344
342
333
336
346
340
338
343
343
336
333
343
347
337
333
342
345
335
336
347
345
334
338
346
341
333
340
346
338
331
336
346
340
335
339
347
340
334
340
342
335
333
344
344
334
338
345
338
332
338
346
341
332
338
348
343
332
338
347
338
331
340
345
338
335
343
344
335
336
345
342
333
335
349
343
330
333
344
341
334
340
343
338
332
341
345
333
330
339
342
335
334
342
339
330
334
344
340
327
334
349
343
330
334
342
338
332
343
342
331
329
339
343
333
331
342
341
328
333
344
339
329
332
342
338
330
340
341
333
329
336
342
334
332
341
340
334
331
338
339
331
334
343
338
328
335
344
339
329
335
345
340
327
332
341
333
332
341
341
329
328
339
340
334
333
341
344
328
328
340
340
333
333
340