0
0
0
0
0
0
0
0
0
0
0
0
0
0
0
6
76
211
361
394
405
417
452
503
628
658
658
659
659
660
659
660
659
660
659
655
515
340
285
288
259
194
80
0
0
0
0
0
0
0
0
0
0
0
0
0
9
105
337
474
525
555
634
657
659
659
660
659
659
658
656
629
576
536
533
546
552
534
521
535
541
524
511
520
521
507
502
511
511
494
489
500
489
465
464
473
466
458
464
468
459
452
455
457
443
436
444
447
430
421
434
433
422
421
428
418
407
412
420
413
395
394
405
397
394
395
399
387
379
388
395
381
369
382
384
372
368
377
362
366
414
461
455
404
311
201
146
186
279
345
337
370
434
462
428
357
247
136
117
203
317
346
344
395
427
415
353
268
206
220
294
350
356
351
362
382
359
289
228
267
335
348
339
354
372
364
337
288
268
302
345
362
351
346
353
350
318
307
330
351
347
341
351
353
328
304
327
346
338
336
351
349
333
334
343
340
332
340
350
341
329
331
339
332
331
340
341
330
324
332
338
329
328
335
334
324
327
341
335
316
303
315
321
309
325
360
332
217
204
286
315
340
370
335
207
192
288
320
339
348
346
335
327
328
339
338
324
329
341
340
326
329
337
329
319
334
326
322
353
326
242
245
286
351
432
364
166
136
240
337
402
371
255
250
312
356
362
343
337
346
343
340
349
334
344
359
319
309
319
318
376
360
237
252
309
349
379
267
180
234
310
385
363
234
245
306
400
405
290
253
284
336
399
366
344
338
312
355
326
260
293
331
367
351
295
322
304
324
360
379
371
353
359
359
356
365
359
350
344
354
368
326
296
319
355
371
323
322
346
352
350
307
318
344
360
368
358
343
340
362
361
344
346
357
363
351
344
350
347
355
299
282
291
343
374
329
309
311
361
346
267
280
340
397
333
296
329
364
361
339
350
348
352
349
355
349
345
352
362
350
339
345
354
350
343
346
354
342
342
344
352
344
340
355
339
334
316
331
334
334
347
344
341
338
347
352
348
336
344
351
340
340
353
354
342
340
350
350
341
344
351
349
340
336
350
344
340
346
351
346
340
343
347
340
332
342
356
338
329
338
347
342
338
345
342
332
336
352
343
329
335
345
343
333
333
341
336
332
336
340
334
329
339
342
333
330
343
344
331
331
338
337
330
336
340
340
330
334
343
338
330
341
347
334
328
338
347
339
333
340
336
334
310
312
316
323
333
326
326
302
318
342
342
330
328
342
334
335
346
354
341
334
338
342
339
338
354
324
309
322
359
327
303
323
351
360
360
372
413
421
419
356
361
350
334
374
402
294
339
372
340
334
345
372
331
316
336
340
340
364
328
328
324
329
335
329
318
308
334
312
306
307
332
342
335
335
342
347
335
336
345
344
319
328
346
322
317
330
353
343
333
334
340
341
338
338
335
328
323
337
324
327
336
345
341
333
336
345
338
329
338
341
338
330
314
318
321
340
318
315
306
317
337
338
332
322
335
342
340
335
342
338
334
341
341
337
331
340
343
333
330
338
349
338
332
341
347
342
330
339
337
333
336
347
345
335
332
345
340
330
338
342
334
332
334
342
333
335
341
342
334
330
340
339
328
330
344
343
330
330
340
335
331
331
339
336
329
335
347
336
331
336
338
328
326
342
347
333
329
339
336
334
332
339
339
330
336
348
344
325
328
343
337
332
339
342
336
331
340
342
332
331
339
339
334
333
344
342
330
335
342
338
334
338
345
337
329
339
346
335
327
339
348
336
327
339
346
329
316
333
336
329
333
339
335
324
331
344
338
327
334
338
332
330
336
343
336
330
344
343
328
330
344
344
334
331
344
345
334
333
342
338
331
337
348
342
332
342
349
338
335
346
349
336
334
344
347
338
338
347
346
337
340
352
351
336
330
340
341
335
344
357
337
296
312
346
334
336
364
357
290
278
324
348
340
352
369
348
301
313
348
349
342
350
355
341
332
346
356
343
337
348
348
340
337
347
345
338
345
352
344
331
338
348
347
336
339
344
339
334
338
345
343
338
339
340
332
332
343
344
336
334
344
344
334
334
344
338
334
334
346
345
340
342
344
339
336
342
348
341
341
346
344
340
336
347
350
342
344
349
343
335
341
349
347
336
335
343
333
328
338
346
339
333
342
355
346
339
344
324
276
279
304
317
318
329
342
344
350
355
369
353
336
304
277
238
257
302
329
328
328
351
356
349
371
390
371
338
324
280
224
206
213
207
184
208
240
270
311
378
403
410
406
418
428
414
381
370
380