345
333
327
339
339
325
322
340
340
324
328
339
333
321
328
340
325
323
334
340
327
320
332
335
325
327
337
337
323
323
336
336
322
323
338
332
324
330
339
330
321
331
338
326
318
337
338
322
321
335
336
324
327
341
337
322
325
337
330
323
332
342
332
325
332
341
331
325
334
337
331
329
340
341
326
327
340
339
327
330
341
337
325
332
338
336
331
339
343
331
326
340
347
328
324
342
341
325
329
343
338
326
331
343
337
325
331
343
335
325
334
341
330
325
339
343
330
327
341
339
325
330
343
339
325
331
341
333
330
336
342
336
325
334
342
333
329
337
341
329
324
343
347
329
328
342
339
326
331
347
338
327
335
343
331
325
337
347
336
328
337
344
337
330
341
341
329
331
341
341
332
334
343
339
329
335
346
336
327
341
347
336
328
341
341
329
334
345
342
330
331
343
342
331
334
342
337
328
333
341
334
331
342
347
333
325
339
344
332
330
341
340
329
330
343
341
328
333
345
337
325
334
345
336
327
336
343
333
328
339
344
331
330
344
344
332
330
343
341
328
336
347
341
328
336
349
339
330
340
345
335
329
339
345
337
330
342
344
331
333
344
342
330
334
343
339
329
338
346
338
331
342
347
335
325
339
346
336
332
341
341
333
335
345
343
330
333
345
339
328
335
344
341
330
339
346
336
331
342
346
329
328
343
346
332
332
342
340
330
334
348
341
329
340
349
336
331
341
348
335
329
337
346
336
333
342
345
332
332
344
342
330
334
346
337
327
335
347
340
330
338
344
333
330
340
344
335
331
343
344
333
332
345
344
333
335
345
338
329
336
349
341
330
338
348
339
332
335
346
338
334
344
344
332
334
346
344
332
336
346
342
331
336
348
337
326
340
349
339
328
335
346
338
334
345
345
332
336
345
339
334
339
348
339
329
338
349
341
331
342
348
338
331
341
344
336
335
346
343
333
334
345
342
333
338
350
341
331
337
348
339
330
343
349
340
332
340
347
332
331
346
347
334
336
345
342
334
338
346
342
329
337
349
340
332
339
348
336
332
344
347
336
331
340
344
332
332
345
344
332
334
348
342
329
336
348
339
327
336
342
339
334
341
341
330
332
345
344
330
331
343
339
331
335
347
340
325
340
354
346
337
349
357
344
340
349
355
344
339
348
351
339
340
351
344
333
338
348
341
332
336
352
343
329
341
350
340
330
340
345
332
332
347
347
331
331
346
344
330
335
348
343
331
338
350
340
329
344
351
339
334
341
345
335
337
345
345
331
333
345
344
332
338
351
344
331
336
348
342
332
341
349
336
332
344
348
336
332
344
348
333
334
348
344
330
337
348
342
333
338
345
340
335
341
345
337
332
343
348
333
329
343
340
329
330
340
341
330
331
340
331
320
329
339
332
320
332
339
330
322
337
340
331
328
335
338
324
325
340
337
328
334
344
336
324
332
342
336
328
335
340
328
324
337
345
331
331
344
341
327
334
346
341
328
333
346
341
327
334
346
339
330
341
346
334
330
344
347
332
332
345
342
328
329
343
347
333
334
344
340
332
338
348
337
328
337
343
329
328
341
345
350
338
351
336
346
389
320
290
353
352
348
320
310
303
362
358
284
292
340
322
302
300
328
341
313
302
317
314
316
325
323
312
326
344
355
332
318
332
334
367
322
282
273
314
348
325
306
301
311
332
324
322
320
327
317
332
339
322
318
329
341
324
316
336
347
326
314
330
341
332
330
339
341
326
328
344
346
327
332
343
338
325
335
349
339
337
338
345
337
329
340
346
334
334
347
346
328
334
349
348
336
336
346
348
337
340
351
341
333
345
353
346
334
346
353
341
339
349
350
344
339
352
350
339
344
354
348
338
346
363
353
338
346
354
343
338
351
354
338
344
365
356
338
340
357
353
341
345
361
358
339
340
351
343
337
349
355
343
337
353
356
342
340
350
348
336
336
348
350
338
341
351
345
334
342
349
341
333
346
360
337
327
345
348
335
333
346
345
336
334
348
349
335
336
350
343
329
337
351
344
334
340
347
336
329
342
348
335
331
344
347
336
336
341
339
330
334
345
340
331
340
345
334
327
342
348
337
331
342
346
333
330
344
344
330
333
348
345
330
334
346
342
328
334
349
339
328
340
346
333
333
345
344
331
332
344
344
330
331
342
345
328
336
346
338
328
337
347
338
328
340
348
335
328
340
343
332
329
341
342
327
332
349
342
326
333
344
338
330
341
348
336
327
340
348
334
326
343
353
335
330
344
343
333
334
342
338
330