338
332
332
341
340
338
335
339
338
332
339
342
337
332
338
343
333
336
343
340
334
336
342
338
334
338
341
340
336
334
340
337
333
335
341
342
335
338
342
338
340
342
335
332
336
341
341
334
335
346
341
334
334
344
339
333
343
340
334
336
343
340
331
332
341
339
336
338
342
340
334
336
342
338
336
340
344
334
328
340
344
337
333
339
342
332
334
340
339
334
337
344
340
333
338
340
338
326
332
341
343
336
334
334
337
332
337
337
335
332
343
342
333
331
338
340
330
333
342
339
330
336
338
341
334
337
342
338
331
336
341
334
335
339
342
334
333
340
339
336
336
341
341
333
338
341
342
334
334
343
342
336
338
343
341
330
339
344
336
332
340
342
334
336
340
340
336
336
344
343
333
332
342
344
339
336
337
334
334
342
343
331
334
341
343
334
333
339
341
334
332
337
343
334
337
339
339
334
338
340
339
335
338
340
338
332
336
341
339
338
337
340
337
334
338
341
332
333
342
340
336
340
339
334
334
336
339
334
337
338
338
335
335
341
340
333
329
341
340
330
334
339
334
333
337
339
338
330
336
338
336
332
336
340
333
326
337
341
335
330
333
341
334
334
336
333
327
336
340
334
331
335
336
337
335
338
334
331
330
339
338
334
334
335
329
328
333
343
339
328
330
341
337
328
332
337
335
332
337
337
329
328
336
340
330
325
337
340
333
332
335
336
331
331
336
335
332
335
339
335
329
338
336
336
332
340
336
332
331
338
338
331
333
340
337
332
333
341
342
332
330
335
337
335
340
340
334
331
337
338
333
331
333
340
341
335
336
335
330
330
341
338
332
334
339
337
331
332
339
333
332
342
337
332
334
341
336
327
331
338
338
334
333
341
338
331
336
336
335
335
336
339
337
336
333
338
337
332
341
345
336
332
340
340
334
336
342
341
332
336
346
337
332
340
344
342
338
338
338
338
334
339
346
338
336
340
340
337
338
343
342
338
337
345
340
336
336
347
345
336
338
348
341
332
336
342
340
342
347
345
336
335
343
339
336
339
345
347
338
342
346
339
336
343
349
340
333
341
345
338
335
342
345
339
333
339
342
345
344
339
348
338
370
430
412
372
373
435
402
288
369
360
356
390
345
350
381
323
347
371
312
309
336
340
348
347
340
340
336
335
331
331
325
330
345
338
325
336
344
328
329
338
338
326
329
331
333
324
325
331
339
326
334
329
328
333
342
326
327
333
349
340
327
330
336
341
340
335
339
345
329
334
334
334
339
341
342
340
330
333
341
334
332
341
345
334
334
341
345
335
330
338
342
333
331
343
342
333
332
336
343
333
332
343
335
324
336
341
335
328
331
342
336
330
338
336
328
328
339
339
328
328
342
342
333
330
335
336
330
333
337
335
332
336
337
328
332
332
337
330
330
339
336
329
329
336
339
335
332
334
338
330
333
343
340
332
334
340
336
328
339
343
333
334
339
338
329
331
341
341
332
333
339
332
325
332
341
339
324
332
338
337
333
336
337
328
329
339
343
332
328
338
340
330
329
344
342
333
336
342
337
327
335
344
341
332
333
340
335
333
339
342
334
336
340
339
334
337
339
338
335
336
339
336
333
338
342
339
331
334
337
337
334
337
340
334
330
341
347
336
328
336
341
334
333
342
336
333
337
338
337
332
337
344
336
331
343
342
337
331
338
344
336
334
341
345
336
336
343
344
333
332
346
339
332
341
345
342
332
338
348
343
336
338
346
343
335
341
344
336
333
346
346
339
340
341
341
337
341
346
343
334
336
350
346
333
338
346
343
334
342
347
341
338
341
342
340
341
344
341
338
340
351
341
337
339
342
339
337
341
346
338
338
341
345
339
342
345
343
336
335
347
346
332
336
346
344
337
337
340
336
341
347
344
336
337
344
346
335
329
346
347
339
338
347
348
341
344
349
344
334
350
358
349
340
345
351
346
336
342
350
347
346
351
350
344
342
343
343
343
349
356
347
340
343
348
348
345
343
346
347
350
354
352
342
342
350
350
343
338
346
345
347
345
349
342
340
341
349
342
340
342
346
342
341
346
345
340
337
346
352
345
341
344
343
339
338
339
343
342
342
346
341
336
341
345
340
330
336
346
344
340
343
342
338
335
344
331
339
346
346
338
333
335
345
337
332
337
343
342
335
337
341
333
332
340
334
328
333
347
346
336
333
342
341
330
326
342
342
335
337
343
334
331
334
336
328
334
345
342
334
332
340
337
330
329
337
339
340
336
341
332
328
330
333
315
334
344
344