338
340
341
338
337
337
337
335
334
336
340
341
336
335
339
337
336
336
341
342
334
335
337
336
335
340
342
343
335
334
336
332
336
343
342
336
343
350
340
329
333
340
338
340
340
339
334
335
341
339
338
340
347
338
332
337
345
340
336
334
338
334
336
340
340
338
338
339
341
338
336
345
342
333
333
340
340
337
334
339
338
336
340
346
339
333
338
342
340
338
342
342
338
338
340
340
333
337
341
337
334
338
345
343
336
336
342
338
332
336
339
340
337
339
342
340
338
342
339
333
338
342
340
333
337
341
338
337
340
343
339
336
340
340
335
341
343
338
333
338
343
338
333
334
340
338
334
340
346
337
332
341
339
332
334
342
340
337
340
338
333
331
338
338
338
336
335
340
338
334
338
340
334
335
341
345
337
334
340
343
339
338
340
341
338
332
336
346
334
330
337
339
336
336
339
340
340
341
340
339
334
338
340
335
335
339
342
340
335
338
341
338
337
340
340
339
336
333
333
337
342
340
336
332
338
341
336
337
343
344
340
335
340
340
333
334
342
338
334
336
341
340
339
342
346
338
332
339
344
341
336
338
340
336
334
343
341
342
338
340
339
339
342
347
340
333
341
343
339
340
347
341
337
337
340
342
337
337
341
342
337
337
346
337
334
336
340
340
338
343
344
336
335
341
344
336
331
338
343
335
336
347
337
332
333
340
344
336
336
339
336
330
334
340
335
335
339
345
338
334
337
338
336
335
342
340
336
327
310
352
372
324
286
329
359
342
325
332
339
340
337
340
341
341
344
336
332
331
341
342
335
333
339
344
340
336
338
342
340
337
338
340
342
320
322
345
349
318
300
344
376
330
280
333
385
344
294
327
365
342
310
323
344
338
336
337
330
326
349
363
334
293
336
376
343
300
325
359
351
317
327
354
356
337
334
343
342
345
346
341
332
341
355
350
334
339
351
343
311
332
365
345
291
303
370
375
322
313
347
351
340
332
343
345
339
337
339
312
332
370
349
300
319
360
357
316
312
356
362
336
320
341
355
342
329
345
353
346
346
344
340
344
351
344
334
339
351
347
336
334
346
351
338
315
338
372
350
301
364
542
631
603
577
658
658
658
600
338
340
362
400
322
172
225
365
376
402
429
410
342
196
335
390
315
259
388
334
323
308
372
283
264
279
353
316
316
367
253
240
345
392
272
229
349
362
312
272
269
305
299
283
324
338
285
268
299
306
303
288
281
303
336
340
276
264
283
307
320
292
271
288
325
315
280
280
296
299
292
296
308
299
278
266
304
326
292
248
297
346
316
260
318
363
347
277
256
289
324
319
282
312
358
342
265
275
329
327
299
304
309
312
330
338
330
314
332
347
327
294
336
386
356
246
308
431
383
233
285
424
405
278
282
395
394
315
293
355
379
346
312
347
371
355
335
344
355
356
354
346
338
344
367
363
344
342
357
370
361
338
340
349
350
351
356
357
346
330
340
356
353
331
335
362
366
322
300
344
372
352
296
325
384
358
280
317
387
370
312
318
354
354
332
329
350
353
343
342
346
334
341
345
346
330
334
358
351
305
316
359
358
330
316
358
363
330
303
343
358
347
320
339
354
341
321
333
347
348
342
339
353
341
339
340
339
343
346
347
347
350
339
338
338
338
343
346
339
342
342
332
328
335
338
340
344
341
333
341
352
341
326
327
344
349
309
316
361
361
303
289
352
369
330
311
342
349
342
326
330
327
336
346
347
327
323
348
348
303
296
357
376
315
267
346
399
335
274
322
375
350
304
329
359
340
324
333
343
340
342
353
340
331
342
354
341
330
341
346
332
328
344
353
339
324
336
351
340
327
339
347
339
324
310
351
373
320
265
334
383
348
311
317
320
343
358
347
318
327
356
348
321
323
353
349
321
294
346
388
345
284
322
380
357
294
312
362
364
326
319
340
354
328
305
347
372
328
287
335
371
348
319
332
350
345
335
347
351
336
336
342
343
342
343
343
342
336
336
346
345
336
345
355
337
328
342
351
345
334
333
343
337
336
338
342
339
339
319
335
345
339
333
333
338
336
334
334
332
337
345
349
337
329
338
342
335
326
344
343
334
317
328
343
348
349
336
333
338
347
343
333
341
350
337
331
331
340
341
343
345
338
330
331
332
336
340
347
345
337
334
339
338
334
336
342
342
331
339
345
338
320
325
346
346
326
333
354
345
324
314
343
352
338
330
343
345
335
328
339
342
333
328
339
348
342
326
323
337
341
335
320
338
352
343
324
326
343
346
324
329
354