338
329
336
347
337
330
338
347
337
332
341
346
336
332
342
340
336
338
340
337
333
336
341
336
332
340
347
337
330
338
346
339
334
341
340
333
334
342
340
333
338
345
342
332
337
348
340
332
340
347
338
332
341
347
340
337
342
340
334
334
341
343
334
335
345
340
332
338
344
339
332
339
346
340
333
338
342
336
333
344
341
331
333
339
340
332
334
342
338
330
336
343
336
329
336
346
338
328
338
346
334
332
339
341
333
330
341
340
333
334
343
338
328
333
343
342
334
336
340
335
334
338
340
335
332
338
340
332
334
340
340
332
333
342
344
337
334
340
336
329
334
342
337
333
336
343
334
334
341
340
331
332
340
341
329
331
343
336
330
335
342
338
332
338
342
336
330
336
342
336
334
342
343
331
332
341
341
334
334
341
342
333
337
343
335
327
337
343
337
332
338
340
336
331
338
342
337
332
339
340
332
335
345
343
333
332
340
338
332
336
345
339
330
338
342
338
331
339
340
333
335
344
346
338
335
341
340
335
340
344
336
330
341
348
336
330
342
349
336
332
341
344
338
337
346
345
338
337
342
353
369
362
322
318
374
456
431
290
303
466
503
374
286
338
404
381
317
339
350
326
345
355
314
280
293
307
303
334
355
326
310
329
345
340
324
321
337
336
325
330
330
326
323
322
336
330
323
326
341
330
316
322
336
331
324
327
344
327
312
324
335
321
320
338
328
322
324
337
338
318
322
336
327
321
329
336
330
324
327
338
333
326
332
337
327
323
335
341
330
328
337
335
328
334
339
335
334
337
338
332
330
336
343
336
331
342
345
332
331
344
346
336
330
344
340
330
334
347
342
331
339
346
338
331
338
346
338
333
342
348
336
331
340
342
331
333
347
343
334
332
341
342
334
337
343
337
330
344
348
332
324
333
341
335
333
341
343
336
333
341
339
332
334
352
350
327
327
338
337
332
338
346
339
333
344
344
330
329
344
344
336
338
344
338
328
332
342
339
332
336
346
341
342
339
342
334
331
340
345
336
337
348
340
332
334
344
342
334
337
346
348
335
336
341
337
333
341
346
337
338
346
341
336
331
338
341
334
337
345
343
331
335
348
340
330
337
344
340
335
345
346
333
329
340
346
337
336
342
342
339
336
337
336
332
337
346
344
332
335
342
342
329
336
342
336
334
343
344
340
332
339
342
339
338
341
344
335
330
341
342
334
339
348
340
331
340
347
336
329
339
349
342
331
336
341
335
335
343
342
334
338
344
340
334
340
345
342
334
340
348
337
331
340
346
339
332
338
340
334
338
343
339
328
333
345
339
330
334
344
338
336
339
339
338
330
335
339
335
334
340
340
332
333
345
342
330
336
343
341
328
331
342
337
331
337
342
338
331
335
339
332
330
343
345
329
326
338
338
330
336
344
338
330
332
341
338
329
337
348
338
326
338
344
334
328
339
343
333
332
344
345
333
333
341
340
334
339
346
341
326
332
344
337
333
338
344
332
329
340
346
332
330
341
351
332
325
338
340
330
334
348
344
331
337
345
340
328
340
346
337
332
341
345
334
332
344
348
336
330
344
344
331
334
345
340
331
337
350
344
329
333
344
337
330
341
343
334
332
342
344
332
334
346
340
325
330
346
339
328
334
348
340
330
336
342
332
329
339
344
334
334
345
342
330
333
346
345
333
335
343
337
330
338
347
342
332
338
349
339
335
342
343
332
332
344
348
336
330
343
346
330
335
349
341
327
336
352
341
329
341
354
334
326
339
346
335
330
344
348
332
331
344
344
331
333
347
345
330
337
347
339
330
341
348
337
334
345
348
333
331
344
348
330
328
345
346
335
340
350
338
325
335
350
340
330
338
347
336
328
339
344
335
332
342
343
331
333
344
344
331
334
345
344
332
334
345
340
330
336
344
336
328
344
347
333
326
339
344
332
331
343
344
333
335
344
336
324
334
349
339
328
333
343
335
326
336
345
336
331
342
342
326
329
345
342
326
332
343
339
325
333
345
339
327
336
346
331
322
334
342
331
326
338
341
331
328
340
340
326
324
337
336
324
331
346
332
321
332
345
333
322
334
342
330
325
339
342
326
326
341
340
327
328
342
337
324
329
342
335
325
335
344
334
326
336
344
332
328
340
341
326
328
343
340
324
330
344
341
326
330
346
339
328
333
345
333
324
334
341
331
327
341
347
329
328
343
342
328
330
342
337
328
335
347
340
331
335
344
335
327
341
349
334
330
344
342
328
329
344
344
332
333
345
340
328
336
349
336
324