334
330
345
353
334
328
341
346
333
326
343
341
330
333
348
341
329
338
354
338
327
338
346
332
327
342
346
332
331
344
343
329
330
345
344
333
335
342
345
331
334
346
341
327
338
347
339
327
343
343
329
328
348
345
333
333
344
341
328
334
354
342
322
330
344
338
332
339
345
333
327
344
347
332
328
342
343
329
329
348
349
328
329
345
341
335
335
344
334
327
336
347
336
333
337
343
332
329
343
346
332
332
343
340
328
333
350
340
329
334
346
338
327
336
349
343
329
337
349
339
329
341
344
332
333
349
344
333
334
345
340
328
334
346
342
334
336
344
335
328
341
348
336
334
342
347
332
329
346
351
330
327
343
344
330
334
351
343
329
334
346
339
329
341
348
340
329
337
340
333
337
347
342
327
331
347
343
330
333
348
342
332
338
348
336
329
338
346
336
326
338
346
333
333
347
346
328
331
346
344
328
331
346
349
330
331
348
340
330
340
351
337
330
342
353
339
328
344
346
332
332
349
347
328
329
346
341
329
340
348
337
328
340
351
341
335
340
344
331
330
344
350
333
329
345
345
332
341
354
339
324
335
353
342
331
339
346
337
332
341
348
339
329
338
343
331
338
346
340
328
333
350
345
328
332
350
340
328
337
345
337
327
340
350
336
329
346
348
334
342
343
342
327
335
345
342
331
336
347
344
337
347
350
332
358
421
417
328
343
467
393
250
303
418
469
381
291
317
366
340
368
366
407
364
337
368
399
355
387
390
343
319
342
349
332
337
368
368
330
324
355
355
359
333
343
378
354
314
328
350
332
326
344
334
330
345
340
323
323
341
344
330
328
343
332
329
328
329
330
325
328
336
335
325
336
342
332
320
329
343
334
322
329
336
331
327
337
338
328
325
331
341
318
324
336
333
326
329
339
332
327
329
334
326
329
330
335
326
316
332
336
321
325
340
335
332
322
330
328
324
333
338
324
315
336
342
322
325
335
334
322
324
337
331
320
325
342
332
320
328
340
331
326
327
334
325
319
333
341
331
333
334
332
322
322
336
340
327
326
342
334
321
328
341
336
321
331
343
335
327
338
339
325
324
339
342
329
326
338
343
327
329
341
336
323
328
340
342
328
328
342
337
326
336
346
337
325
332
339
330
329
341
343
327
326
341
334
322
328
342
340
324
331
346
335
324
334
344
332
329
336
335
325
326
341
349
330
326
342
339
327
326
342
340
323
330
346
340
326
339
347
332
323
343
348
328
324
341
344
333
330
347
345
330
333
346
337
326
336
347
336
327
335
348
338
328
341
350
338
331
344
347
333
328
342
342
332
336
347
346
330
331
349
344
324
336
350
345
328
334
344
336
329
341
346
333
333
343
346
332
332
348
345
327
335
349
340
330
342
352
343
323
335
351
341
332
344
353
334
328
344
347
338
332
334
315
288
294
321
322
326
353
375
364
357
378
386
375
384
401
384
363
378
400
395
370
368
387
385
366
372
382
375
364
366
361
346
350
354
338
324
333
348
340
314
319
343
348
323
327
340
344
318
314
326
326
323
334
344
325
314
324
336
328
305
312
312
304
304
313
302
300
306
316
301
300
308
309
308
314
302
301
303
312
311
313
309
303
312
324
330
330
335
331
338
343
345
342
356
356
354
341
350
345
345
350
348
341
342
340
344
359
362
345
343
348
352
340
349
354
341
328
325
342
334
320
322
338
337
327
338
336
332
326
339
340
331
325
343
348
331
327
342
344
336
336
352
350
333
334
352
351
336
346
364
352
333
343
354
343
341
358
361
352
333
346
359
338
341
354
361
344
331
333
349
342
339
341
346
348
341
329
323
332
340
337
336
347
353
332
326
335
346
350
344
332
339
348
336
336
346
336
314
323
338
338
328
333
332
325
325
329
321
326
322
330
331
354
340
328
324
346
353
340
335
354
369
360
346
349
368
357
350
348
352
355
340
328
343
349
335
340
343
330
321
327
332
326
330
337
338
327
316
331
345
336
328
334
351
345
348
354
358
345
334
331
313
319
326
327
300
298
308
306
284
289
304
298
286
287
319
336
335
333
343
339
328
341
363
348
331
323
333
333
330
347
360
363
367
382
385
379
379
389
381
358
351
354
339
329
314
307
289
297
296
294
290
303
330
347
354
334
339
352
347
338
350
354
352
350
348
342
337
338
352
350
347
344
345
336
326
338
353
342
336
346
346
332
329
346
352
341
341
361
371
334
317
337
343
340
342
354
349
335
338
343
336
328
339
349
338
332
352
357
336
327
341
349
333