338
346
345
332
334
342
337
336
341
342
334
334
341
346
334
334
342
343
334
335
340
341
330
336
341
340
339
341
344
336
330
338
343
336
335
340
342
333
334
339
338
335
339
343
334
331
339
343
336
337
338
334
331
333
344
336
327
329
342
344
337
332
338
340
334
337
343
340
332
332
338
337
332
338
340
336
334
340
340
336
337
341
343
331
337
341
336
332
334
341
338
333
338
346
337
330
338
343
338
333
341
341
333
335
341
342
331
336
344
338
334
334
338
338
333
334
339
340
341
338
337
332
334
340
348
340
332
335
339
336
338
342
340
335
336
343
339
334
339
343
340
334
339
340
331
334
340
342
337
337
340
340
337
334
342
344
338
337
341
336
331
333
341
339
334
338
344
340
335
342
343
333
334
342
342
333
336
344
337
332
337
344
338
334
339
343
334
329
339
347
335
329
337
339
331
330
335
340
336
333
341
338
330
332
341
343
330
332
339
338
336
340
343
342
335
333
336
336
337
338
337
334
339
342
337
333
338
345
338
334
338
338
334
332
337
343
339
334
342
342
332
330
339
342
335
336
346
338
332
340
340
333
331
338
343
337
334
340
344
338
334
339
339
336
339
344
342
329
329
341
339
334
336
342
340
332
336
346
333
328
338
342
336
336
344
342
332
332
337
338
334
338
346
333
326
335
340
336
337
334
336
334
332
341
341
333
334
337
335
336
330
350
339
312
328
350
345
342
318
354
369
332
322
335
358
366
331
334
332
299
329
343
325
317
319
323
345
340
337
319
331
326
335
341
336
336
330
320
322
334
349
330
330
339
342
360
363
359
302
294
363
382
321
295
346
354
352
311
327
346
346
339
351
320
318
332
345
348
346
341
360
351
322
329
350
350
342
346
362
342
330
344
363
344
337
340
342
342
342
348
350
348
334
338
342
341
343
339
339
342
350
341
333
329
340
346
339
338
342
350
346
349
334
329
329
337
342
342
334
339
355
336
326
336
347
345
338
339
344
361
334
327
336
336
335
341
343
338
344
360
337
324
327
342
339
333
336
343
340
342
344
338
329
324
335
342
338
335
346
349
342
344
339
321
325
333
344
338
334
338
346
342
333
338
341
334
329
337
341
338
338
341
346
333
323
337
339
334
334
342
345
334
332
336
332
328
333
339
336
333
342
348
333
325
340
335
329
332
340
339
335
342
352
339
324
325
334
336
334
342
341
335
333
336
337
334
333
337
338
332
334
341
341
342
344
339
328
324
331
337
334
335
335
342
332
330
340
342
336
334
343
348
336
325
333
337
334
336
342
342
334
330
341
338
327
331
336
334
335
340
340
337
339
331
331
331
332
341
340
333
337
337
335
331
334
341
340
339
336
333
329
332
339
341
335
340
350
341
327
322
334
339
334
335
345
346
334
331
334
331
331
340
340
336
336
345
344
334
324
328
337
333
333
341
344
332
335
338
332
331
334
340
337
336
346
340
330
328
335
339
334
336
342
344
335
336
332
333
331
336
342
349
332
329
336
336
334
338
342
348
348
332
331
329
332
342
340
337
337
347
341
330
330
337
337
335
348
345
332
326
335
342
338
336
340
344
344
351
338
330
329
334
341
342
338
342
350
342
330
334
338
336
335
341
345
339
337
344
350
345
332
332
335
332
335
344
345
336
334
342
342
337
338
343
339
339
353
348
327
327
337
343
337
336
348
348
334
333
341
340
334
336
342
343
336
339
340
334
334
339
340
336
336
342
344
336
340
344
336
325
327
339
340
336
336
342
340
332
335
341
338
336
340
344
339
336
344
346
336
331
338
340
336
338
346
339
331
335
343
341
335
339
350
334
328
336
343
337
331
339
346
342
336
337
338
338
338
344
336
331
337
343
341
336
338
344
339
334
338
345
342
332
337
342
338
338
341
337
335
340
341
337
337
338
338
335
334
344
344
339
336
337
338
334
336
341
344
338
336
342
340
337
337
345
341
335
335
342
343
334
343
351
334
326
336
344
339
337
342
343
336
332
335
339
342
339
340
337
332
338
342
337
332
338
348
346
337
332
337
335
336
341
342
337
337
341
345
337
335
339
337
337
340
345
345
335
333
340
340
337
340
340
338
339
339
337
333
335
344
345
339
331
343
339
332
334
341
340
336
340
344
334
331
333
340
337
336
345
347
335
325
340
338
334
337
344
341
335
341
340
334
330
334
340
340
340
338
338
331
331
339
343
339
340
342
342
334
336
342
343
334
336
345
342
334
337
340
336
337
346
346
337
334
338
341
340
337
342
345