338
332
336
341
337
333
338
344
340
336
340
341
335
334
343
342
333
332
342
342
337
336
343
339
338
339
342
339
340
341
339
333
330
338
342
337
336
346
341
333
331
343
346
338
334
341
340
338
338
343
339
333
339
346
338
333
339
340
333
332
341
342
338
335
339
338
336
336
344
341
337
339
343
342
332
335
343
339
332
342
347
336
333
342
349
340
334
338
337
332
337
344
340
332
334
343
339
334
344
345
332
328
337
344
337
335
343
342
334
330
338
338
338
338
342
337
331
335
341
336
334
340
344
335
332
343
345
344
338
337
336
337
337
342
341
335
334
342
342
336
338
344
337
331
339
346
338
332
339
345
337
336
342
342
336
336
342
341
337
336
342
342
338
337
341
337
336
341
343
335
331
340
344
339
335
339
342
338
337
347
343
333
334
342
342
336
335
344
340
334
338
342
336
332
343
342
336
332
339
342
337
336
340
338
332
336
341
341
332
333
343
340
332
338
342
336
333
340
343
336
332
342
344
338
334
338
340
339
338
344
337
331
337
344
341
335
337
343
336
336
343
342
335
335
342
341
332
334
344
342
331
335
343
340
334
340
343
336
335
341
336
330
332
341
345
335
333
341
344
336
333
343
340
341
337
337
336
335
341
344
336
330
337
345
340
337
337
338
337
334
335
338
335
336
341
341
337
337
341
341
331
333
343
346
333
333
340
339
334
339
344
337
358
367
345
355
410
447
355
350
394
393
328
354
352
370
359
333
340
338
357
324
354
365
332
322
374
364
319
335
360
351
344
335
336
346
354
345
336
342
346
342
344
341
342
345
348
347
342
347
344
339
340
340
337
339
346
339
336
326
328
337
338
328
328
339
331
339
330
333
334
337
340
329
321
328
337
335
330
336
340
340
329
331
336
331
328
331
342
333
325
326
336
332
330
339
339
326
330
335
332
328
329
335
333
328
330
331
328
326
334
337
331
325
333
334
328
329
337
334
328
330
333
329
325
333
339
333
326
330
336
330
328
328
334
331
329
328
331
330
326
332
340
331
321
329
334
328
328
340
338
324
324
333
332
327
333
345
340
326
328
332
329
328
335
337
332
335
341
339
326
323
333
336
331
334
343
336
330
333
338
335
329
337
342
334
332
341
346
329
327
332
336
330
332
339
339
336
342
340
337
328
329
336
334
331
338
344
340
333
332
337
330
330
336
340
333
334
344
342
330
331
339
331
327
334
342
338
336
339
340
331
330
338
342
335
333
343
340
338
332
341
338
332
335
342
341
335
337
347
339
329
336
343
340
336
339
347
334
331
338
338
334
335
342
341
337
336
337
334
332
337
342
338
333
339
343
338
334
341
343
338
339
341
340
334
336
342
340
332
335
342
340
332
335
344
340
332
334
342
341
336
337
336
334
334
340
339
334
337
344
339
330
335
340
338
332
336
346
348
333
331
338
335
333
340
344
339
338
343
338
329
330
340
341
335
334
348
346
331
330
339
336
331
335
341
339
338
338
340
333
332
339
342
336
348
348
334
330
333
340
338
332
335
344
338
335
336
339
334
332
342
346
346
333
336
338
333
335
341
343
334
336
340
340
333
336
341
338
338
339
338
333
333
339
342
336
337
345
345
331
335
344
340
335
336
343
343
342
344
340
332
328
337
343
339
331
341
345
338
334
340
340
334
333
345
347
342
338
341
338
334
340
342
338
333
338
344
339
333
334
340
333
333
341
343
338
333
339
338
331
330
339
339
333
337
345
341
329
341
342
331
328
336
343
338
334
343
339
330
333
341
339
332
338
352
340
328
331
339
339
334
338
342
340
339
338
336
331
330
339
340
334
335
349
345
329
328
339
339
330
334
339
336
333
338
341
334
329
336
346
340
333
337
339
330
332
342
340
334
337
345
342
334
334
338
335
330
339
346
344
332
332
340
336
333
339
342
338
344
346
337
325
331
343
341
331
334
342
345
337
336
338
336
331
340
344
338
333
339
341
334
336
347
341
334
340
341
339
331
336
346
342
336
338
343
337
335
339
341
335
340
344
339
331
336
344
345
332
332
341
341
339
338
342
340
335
338
343
341
336
342
348
339
334
338
341
337
338
345
343
336
338
340
336
331
336
343
339
335
341
344
335
330
339
345
340
341
343
338
332
334
341
340
332
334
343
344
338
331
338
337
333
339
344
342
336
337
340
336
333
340
344
340
343
345
340
338
340
342
340
336
337
339
336
334
339
342
338
333
340
346
339
328
334
339
333
332
341
343
333
336
343
338
333
337
342
340
339