332
341
343
332
330
338
342
333
333
342
343
329
334
347
343
325
332
346
340
330
337
345
338
334
345
346
332
330
343
347
335
334
341
342
327
332
346
341
330
338
347
337
328
340
346
337
331
341
346
335
332
340
345
334
332
342
342
330
332
347
340
327
332
344
339
330
340
345
337
329
340
342
332
330
343
344
332
332
347
347
334
335
344
339
328
336
346
342
329
335
348
338
331
343
349
337
330
345
346
334
332
340
341
332
335
344
340
330
339
351
342
331
336
345
340
332
340
345
335
334
340
342
334
332
341
341
332
332
344
342
328
334
349
344
333
334
346
340
328
338
345
337
329
339
345
334
331
344
344
330
332
342
339
332
335
342
339
329
339
346
333
327
339
346
336
330
340
344
332
332
342
342
330
329
343
344
330
332
343
342
328
332
343
336
331
338
345
336
331
341
342
330
328
344
343
326
327
343
344
328
332
344
338
328
334
344
339
327
337
349
337
325
336
348
336
327
338
343
333
333
343
343
330
332
342
338
329
335
346
339
327
335
346
336
330
341
347
332
330
341
342
330
329
340
342
328
334
342
336
325
332
344
338
332
336
339
333
330
338
343
335
329
340
348
332
328
341
342
328
330
347
344
330
334
342
337
329
338
345
337
330
339
344
336
330
338
343
335
333
341
339
328
333
347
343
328
332
345
338
328
337
345
335
327
338
348
335
324
337
346
337
332
344
339
328
330
343
343
333
333
344
339
333
337
345
336
326
335
345
335
328
339
343
330
329
341
345
329
330
341
340
331
330
345
337
326
331
346
338
326
336
346
336
329
340
340
327
327
341
344
330
329
343
343
332
335
345
338
330
338
345
335
324
336
346
335
329
338
347
335
327
340
342
334
333
343
339
327
334
345
340
329
335
345
337
324
333
344
338
329
339
345
332
328
340
343
333
332
339
339
329
333
344
339
326
333
344
341
332
336
351
342
327
337
367
414
431
393
419
550
603
423
348
335
359
510
464
412
274
209
260
389
434
282
179
242
354
367
332
325
385
411
329
274
332
358
305
290
326
334
326
328
339
316
306
325
335
318
319
338
329
314
320
328
329
320
322
339
331
318
320
333
336
332
322
330
330
319
328
334
329
321
326
329
332
326
340
333
318
319
332
330
340
324
329
334
320
322
346
338
315
322
339
338
330
332
335
324
323
344
338
322
317
331
337
329
321
335
334
323
330
345
345
328
326
333
329
324
334
341
329
323
332
340
328
326
343
343
318
320
333
336
326
323
335
333
324
330
342
333
321
330
346
334
321
334
341
336
330
336
336
324
332
340
338
328
331
338
335
326
335
349
335
318
330
344
337
325
337
344
335
324
336
340
329
334
344
337
324
332
344
341
325
331
344
339
330
337
343
334
326
344
339
325
322
338
344
333
329
340
338
329
330
345
344
329
333
348
340
324
329
342
337
326
337
347
334
323
334
344
335
334
347
343
331
329
342
340
330
333
347
343
331
337
344
334
330
343
352
335
326
338
339
331
332
344
344
335
333
342
343
331
337
352
341
328
336
347
340
330
341
346
338
333
345
345
336
334
344
346
328
327
344
344
332
334
348
339
327
334
345
338
332
338
345
335
331
343
346
332
334
348
344
330
334
348
342
340
335
336
335
327
333
346
340
328
337
343
332
330
342
343
328
328
341
344
329
327
340
343
334
337
341
335
328
333
341
337
331
334
344
335
326
340
345
336
331
342
342
332
332
345
347
333
329
338
338
330
335
345
339
326
334
346
342
333
338
340
335
333
340
344
330
332
343
344
332
330
345
342
327
332
347
339
332
335
342
334
328
340
346
333
330
344
344
338
335
341
343
330
333
343
342
331
334
346
340
329
335
346
337
332
343
349
336
329
338
346
337
331
343
343
331
330
346
345
331
331
342
338
334
339
340
334
329
341
349
339
329
336
342
334
330
345
344
331
335
349
340
324
335
348
341
323
330
344
340
332
339
342
334
331
343
345
337
332
338
337
329
330
342
340
329
332
344
339
329
332
343
339
328
336
346
336
332
336
340
330
328
343
344
333
327
337
340
330
332
341
339
328
336
352
338
324
336
350
343
328
333
343
335
329
343
350
331
327
339
344
331
344
351
336
322
333
351
344
327
335
347
336
328
342
348
341
329
338
345
337
334
339
339
330
334
347
347
329
330
344
342
331
338
347
336
328
339
348
334
331
340
349
335
330
343
345
334
332
342
340
329
337
344
337
329
336
346
336
328
337
349
336
331
343
341
331
332
341
341
332
333