335
340
342
336
334
344
342
333
336
342
344
338
336
338
335
332
338
344
343
338
338
340
337
336
340
342
335
335
343
344
333
337
342
340
331
335
342
341
333
336
344
337
332
339
343
337
336
339
344
342
334
335
337
332
335
342
341
331
334
342
339
336
341
347
335
331
337
344
338
333
338
340
333
333
342
343
332
336
343
341
331
335
344
340
332
337
342
338
332
338
344
340
335
340
344
338
331
338
340
336
336
342
342
335
337
344
338
332
339
345
338
332
338
342
335
335
341
344
334
332
340
342
336
335
342
344
331
333
342
340
331
334
346
340
330
334
341
336
334
341
342
335
334
339
339
333
332
341
343
337
331
338
338
332
334
342
338
335
338
345
335
328
337
342
336
338
344
339
331
331
341
340
332
334
343
343
333
336
343
339
334
340
349
344
330
334
343
337
334
341
341
335
333
341
345
339
336
338
338
334
335
343
341
334
339
346
340
332
342
345
336
336
343
345
339
334
339
341
340
341
342
336
331
337
345
340
334
339
346
340
334
340
344
336
336
349
344
333
333
339
343
335
335
343
341
334
336
344
344
332
337
342
337
333
341
342
334
331
340
343
335
335
343
343
335
336
345
346
331
331
343
340
339
339
352
358
374
420
452
479
485
451
394
411
508
441
238
248
373
389
312
325
321
278
277
282
312
359
394
357
322
304
320
392
366
287
276
313
340
338
325
324
345
336
330
329
334
332
318
334
331
322
317
335
335
328
333
340
327
321
322
337
328
321
320
330
326
319
323
336
321
309
324
331
328
317
331
329
327
321
330
331
330
326
327
333
328
326
333
333
324
329
340
336
331
321
326
327
327
335
342
332
328
334
338
328
327
337
338
331
331
335
334
323
327
338
338
332
334
338
330
332
329
330
331
328
336
340
333
330
340
340
331
333
335
332
333
332
334
332
326
334
343
335
330
338
342
336
329
334
341
337
331
335
338
336
334
340
338
332
339
338
337
334
337
347
339
330
337
341
337
333
339
343
336
335
340
338
337
338
335
334
334
341
343
337
332
337
345
341
338
340
346
333
326
336
348
340
334
337
345
340
330
339
343
340
341
342
336
332
330
341
343
334
341
344
337
332
341
348
338
328
341
343
330
328
341
345
341
336
345
342
335
331
340
344
338
338
340
342
330
333
342
339
334
348
344
333
331
341
344
342
340
344
337
327
332
345
342
334
337
350
344
332
339
338
333
332
340
343
337
337
344
340
331
333
341
340
335
340
345
339
329
333
341
344
334
337
348
344
336
339
343
341
332
339
344
338
336
346
346
335
332
341
344
336
340
341
337
333
337
344
341
339
341
340
335
338
342
340
335
332
341
346
336
329
341
345
338
328
336
342
335
332
344
338
332
340
344
337
335
345
339
331
333
340
343
339
336
336
338
331
333
343
345
334
336
340
338
333
337
341
337
338
340
341
331
328
337
340
334
334
348
342
332
329
340
339
332
340
344
337
331
332
339
336
332
341
350
331
325
333
338
334
335
342
344
334
331
340
338
331
336
342
340
343
341
334
328
328
336
341
337
336
342
338
328
332
339
341
333
334
348
346
328
331
342
337
332
338
347
342
339
339
338
335
332
339
342
335
333
342
347
335
332
338
338
330
336
343
340
340
340
340
335
333
340
345
339
337
349
345
334
328
336
342
334
335
345
349
338
335
340
339
334
339
346
341
337
347
348
334
328
337
345
339
338
346
346
336
332
343
337
332
336
345
343
336
351
344
332
328
340
345
337
332
339
347
341
337
343
343
331
330
341
342
336
341
345
337
330
338
344
339
335
338
349
342
329
337
342
336
332
339
342
337
338
348
343
332
331
342
343
335
338
349
339
327
332
340
338
334
338
346
344
334
337
335
332
334
342
343
337
337
344
341
334
335
340
338
341
342
340
331
327
335
341
337
335
344
342
332
331
338
341
340
337
341
339
331
336
344
346
335
334
341
339
333
340
345
335
332
337
343
340
334
335
338
333
335
342
341
335
338
341
338
333
338
346
337
332
338
339
334
330
337
340
335
339
343
342
334
331
340
342
335
336
345
343
334
336
342
340
338
339
340
333
330
338
346
340
333
336
338
334
336
346
339
330
336
343
339
336
337
342
340
335
340
346
336
331
338
343
342
338
345
342
329
332
343
343
336
335
346
344
329
333
343
342
337
340
352
342
327
331
340
338
334
342
344
336
333
341
343
332
332
341
340
336
340
348
338
329
337
341
337
332
337
344
342
332
336
339
333
332
340
340
333
338