395
279
286
381
427
346
288
349
441
327
254
317
399
357
310
341
374
379
350
317
351
369
340
332
332
346
361
353
311
315
350
343
331
325
341
349
351
356
334
311
322
332
340
341
335
327
348
352
327
326
335
333
329
344
344
332
325
329
345
329
325
334
346
324
326
344
341
334
331
341
334
327
333
341
337
330
337
346
340
329
329
342
342
329
334
346
334
328
342
347
332
330
336
340
331
333
343
339
330
335
341
334
328
337
348
331
323
333
341
334
331
342
352
335
322
333
337
328
333
341
339
338
332
334
332
326
333
340
333
329
338
342
329
332
340
331
318
322
336
336
328
331
348
335
321
327
335
331
325
331
338
336
339
339
336
321
321
335
336
332
330
336
342
334
336
342
328
320
328
339
335
328
338
340
331
327
336
336
332
324
330
336
330
327
341
338
328
327
335
336
328
333
342
337
328
338
338
330
322
330
338
330
332
338
338
330
336
342
331
324
332
341
335
327
334
340
337
334
341
339
330
325
334
340
333
331
340
346
338
327
330
332
330
335
341
341
331
338
347
334
327
340
342
329
328
338
346
337
334
339
339
330
333
344
343
335
339
344
337
327
333
342
338
331
340
349
344
326
334
337
331
332
342
344
342
334
337
337
330
332
344
342
330
336
346
343
329
340
346
334
332
335
343
338
332
338
341
334
338
343
342
336
336
342
339
330
340
348
340
334
339
345
336
332
342
346
342
333
337
341
337
336
342
344
331
337
342
338
333
337
344
340
333
340
351
352
334
337
340
334
334
342
346
343
339
342
344
332
336
343
341
333
339
360
343
319
332
346
343
335
341
349
339
335
343
342
331
334
344
343
334
338
346
346
338
337
344
341
333
340
346
343
336
338
340
335
335
342
345
337
338
344
342
334
344
350
340
334
337
345
339
334
342
345
338
333
343
345
336
332
339
347
334
333
345
344
336
334
342
339
332
336
343
339
332
339
345
340
349
344
334
332
331
341
345
334
340
346
340
332
340
345
338
331
339
349
349
338
339
339
332
331
341
346
337
341
343
340
328
333
342
342
333
338
346
344
342
345
336
339
330
337
346
338
334
347
346
331
330
343
345
335
338
347
346
337
338
340
335
329
339
348
340
332
342
354
339
328
337
344
338
336
343
346
342
343
340
335
331
339
347
340
337
343
348
343
332
337
342
336
335
343
345
340
340
348
345
334
331
341
345
337
341
349
344
328
336
344
340
336
340
345
341
331
340
346
338
334
344
353
333
328
340
342
333
337
345
347
338
335
343
342
334
340
345
342
343
340
344
331
332
341
345
336
337
350
350
336
333
339
340
335
340
347
344
336
340
346
337
335
339
343
345
338
338
339
332
335
342
341
334
339
350
339
329
336
339
336
333
340
341
337
334
344
340
328
329
340
346
339
335
337
336
331
336
343
341
335
345
344
330
327
339
344
337
332
339
352
333
322
334
339
333
334
343
344
334
330
337
338
328
334
344
347
326
327
339
334
330
335
341
336
335
339
336
330
330
336
336
330
337
340
336
327
334
343
337
330
337
342
336
325
334
338
330
334
338
337
330
328
337
338
330
332
350
334
320
327
341
336
327
335
344
333
323
333
337
327
326
337
346
340
328
325
331
328
330
339
335
332
342
333
326
324
333
340
333
330
339
348
338
329
332
335
328
330
338
337
332
343
339
328
325
331
337
332
330
340
346
330
325
333
338
332
331
339
346
339
327
325
329
329
334
341
338
336
339
337
331
326
334
339
333
332
339
339
329
330
337
337
328
332
342
341
331
328
332
332
328
331
340
334
328
332
338
332
328
338
340
334
329
330
333
330
333
339
336
327
332
342
336
330
334
344
340
328
337
340
332
328
336
339
334
330
339
338
332
335
340
337
332
335
340
338
329
336
340
337
334
337
335
330
329
338
344
335
330
338
344
329
326
338
340
330
334
339
334
328
338
346
341
333
333
339
334
329
336
345
332
326
337
342
332
334
344
344
334
331
340
339
329
333
344
341
329
334
345
336
330
340
345
333
334
341
337
328
334
344
337
327
334
342
342
335
334
342
339
331
338
343
336
336
341
341
336
336
345
344
331
332
340
340
334
337
348
337
327
340
349
342
330
339
343
333
332
340
343
334
334
345
340
335
336
340
344
336
337
346
339
330
336
346
337
337
341
342
338
338
340
341
333
334
342
342
335
338
342
342
333
337
344
341
335
340
341
336
334
346
348
334
329
341
346
340
335
341
340
335
340
342
336
332
341
349
338
334
334
342
342