336
334
345
344
326
329
344
345
334
336
345
349
332
336
342
337
335
337
344
338
332
336
341
338
334
343
348
337
332
341
344
332
332
342
340
330
336
341
338
333
336
343
339
329
334
342
336
332
340
342
332
333
340
343
335
333
341
339
334
338
343
335
328
335
344
337
330
341
348
340
327
331
338
336
334
342
339
333
336
343
340
330
341
347
339
330
338
345
336
327
337
346
338
334
345
347
330
328
340
348
340
337
340
336
328
335
344
339
333
345
347
337
331
335
341
335
331
343
346
336
334
340
343
335
334
342
342
333
334
340
341
335
335
343
335
331
338
346
339
331
337
344
332
330
346
347
334
330
338
343
332
335
342
337
330
334
343
342
334
335
339
338
332
342
344
332
330
338
341
333
336
344
342
334
335
345
337
328
338
344
338
330
340
344
339
336
340
341
335
332
345
342
335
334
343
342
333
340
343
338
333
339
344
340
339
340
343
338
330
337
343
335
332
342
346
333
328
340
346
333
332
340
343
338
336
338
336
331
340
341
334
335
343
344
332
326
339
346
332
331
345
346
333
329
341
338
329
335
344
340
332
337
346
339
332
336
342
336
333
343
344
335
333
335
337
333
337
344
339
334
336
342
337
336
339
340
333
334
344
344
334
332
341
344
336
334
342
344
340
332
337
341
334
337
345
339
336
340
339
337
335
338
342
336
337
344
340
332
331
344
347
337
329
335
336
332
335
344
340
329
334
344
339
332
336
340
338
330
334
342
332
333
340
339
333
333
341
347
331
332
343
342
333
337
341
338
330
338
343
336
331
340
343
334
331
344
341
330
333
345
344
328
334
340
340
334
335
343
337
332
340
339
334
334
341
340
332
332
338
340
334
334
342
339
331
336
343
338
329
340
345
337
328
334
343
342
333
337
339
336
335
337
337
331
333
341
343
334
333
341
343
330
338
351
336
323
335
344
335
331
339
343
337
334
339
342
331
332
344
340
330
330
339
338
332
340
346
336
333
338
339
335
331
336
347
339
346
345
335
321
333
349
345
330
340
347
346
329
348
382
351
316
333
376
372
321
315
344
429
487
361
242
289
377
495
453
286
233
411
489
332
207
322
445
320
253
320
333
335
368
378
313
324
368
354
292
302
364
345
313
325
362
320
332
305
312
333
335
336
347
328
308
325
349
322
310
317
331
326
322
338
342
316
313
324
326
319
330
332
324
319
326
337
324
322
326
329
329
324
324
329
326
327
337
326
316
326
348
338
316
321
336
337
336
326
328
336
333
334
340
333
328
338
338
331
333
340
340
343
335
339
343
325
325
340
338
336
340
338
334
332
341
348
337
327
336
342
332
333
345
341
332
336
340
338
335
341
339
333
328
338
344
342
336
335
336
330
334
343
343
340
331
337
341
337
335
346
342
330
332
346
344
334
346
349
336
326
335
346
338
332
343
344
335
334
342
340
334
335
346
339
327
332
344
340
332
335
345
356
337
327
335
334
334
342
348
339
333
345
356
333
329
338
344
336
338
344
348
341
342
339
332
330
336
344
337
335
354
346
324
327
340
345
336
336
349
350
338
334
332
336
333
339
344
343
339
344
339
333
327
337
344
337
336
347
346
332
333
342
340
332
335
343
339
331
336
343
342
333
335
340
336
331
341
351
335
328
340
345
334
335
344
342
332
334
344
341
334
334
343
343
336
337
346
343
330
336
342
341
330
339
342
334
335
346
344
334
335
344
344
332
339
345
338
331
338
350
341
332
337
343
338
334
344
345
335
334
341
342
329
332
345
343
336
335
341
339
330
341
349
340
330
338
347
336
328
337
342
338
336
348
341
328
332
345
342
331
339
345
343
340
342
337
334
332
338
344
338
337
342
345
334
333
343
343
333
340
355
336
324
335
345
340
332
340
349
342
330
335
344
344
332
336
341
338
334
341
341
329
334
344
341
333
334
345
350
329
332
341
337
332
340
347
336
336
343
345
336
332
339
340
332
335
346
346
336
333
346
340
333
335
341
336
333
342
345
333
331
341
345
337
336
348
345
329
333
343
343
333
336
348
344
330
338
345
340
333
336
344
335
332
344
342
331
336
344
340
333
336
342
341
330
333
343
345
339
341
341
334
326
334
344
338
332
344
348
330
326
340
343
332
333
342
341
334
344
348
339
326
329
339
337
331
338
345
339
332
341
348
334
329
340
346
341
334
342
334
326
333
345
344
331
340
349
336
324
334
346
338
333
342
346
330
333
345
348
334
348
348
337
329
335
345
342
333
343
348
332
329