344
337
339
342
346
340
334
340
341
344
340
338
336
335
340
346
343
337
338
343
341
336
337
340
339
337
344
344
332
334
346
339
331
334
342
342
337
332
338
340
335
336
341
337
333
340
347
337
328
334
338
338
337
338
338
339
335
339
341
336
332
338
339
334
339
345
338
328
336
342
342
340
341
334
334
336
340
342
334
338
343
342
336
344
341
335
330
340
342
339
334
339
344
339
335
335
347
337
334
340
341
335
336
350
343
337
341
348
339
326
336
342
338
331
339
345
340
335
340
342
337
332
342
342
336
336
334
339
337
338
341
334
332
338
346
342
334
332
334
336
339
337
336
334
338
342
339
329
328
346
345
336
330
338
343
338
337
336
337
334
337
340
329
329
343
350
334
328
338
336
332
333
345
342
329
334
344
343
331
332
336
340
334
339
340
341
335
327
338
340
335
331
333
336
334
341
338
331
333
336
340
334
336
342
338
333
332
334
339
334
335
337
335
331
338
342
338
331
331
342
337
330
336
338
332
338
344
340
331
332
342
338
329
331
342
343
334
339
332
339
339
337
333
332
339
341
335
332
333
339
340
336
333
337
331
335
341
338
336
338
336
336
330
333
335
341
338
337
338
341
334
334
341
335
328
334
343
340
328
328
346
341
337
332
340
336
331
337
344
334
330
341
341
338
337
339
336
329
332
349
344
331
332
342
338
333
332
338
333
339
342
340
331
330
338
342
334
331
338
337
333
335
345
340
333
334
339
338
336
332
336
336
333
341
343
334
332
336
336
330
334
338
345
336
333
336
337
336
338
341
328
332
339
342
334
330
336
338
336
341
339
334
331
333
337
338
333
334
340
341
334
332
339
341
331
332
343
344
336
332
336
335
333
336
339
335
332
337
341
335
336
338
334
335
337
336
337
335
337
342
338
332
335
338
336
331
341
343
338
331
341
341
336
333
339
340
332
336
341
345
338
332
338
336
336
340
340
334
334
337
341
339
338
337
334
333
336
345
341
335
334
336
336
341
344
341
334
333
338
341
346
334
332
340
336
337
343
338
331
335
342
342
335
334
338
338
334
336
345
342
334
334
341
334
333
347
352
338
330
332
336
344
340
336
338
328
338
348
344
331
333
341
346
341
336
341
342
338
338
347
339
335
342
347
342
334
338
342
342
336
334
341
341
338
340
344
339
339
341
338
333
341
345
341
335
338
348
342
332
336
340
340
334
336
341
340
341
344
343
336
336
344
339
334
340
343
343
337
338
346
338
329
335
347
343
337
332
338
344
343
340
338
336
335
341
341
338
340
337
335
338
340
343
338
336
342
348
336
331
336
347
342
336
339
340
340
340
344
341
339
339
341
344
332
335
349
344
336
335
342
340
336
340
342
338
336
338
341
341
340
341
338
336
341
347
337
330
338
342
344
340
336
340
340
335
342
350
337
332
359
388
389
400
457
442
447
482
461
372
277
342
517
546
346
402
456
449
449
375
315
231
312
235
221
275
379
410
391
397
297
238
239
305
289
426
363
198
175
272
342
288
268
278
282
277
286
297
286
285
298
304
303
295
299
302
294
300
312
312
308
303
309
356
323
299
315
335
306
332
323
298
334
336
304
327
353
343
325
320
315
332
341
326
339
343
332
314
324
331
336
328
328
330
324
332
339
339
332
324
337
335
332
331
345
332
325
337
348
335
324
339
347
342
332
336
341
344
343
343
340
340
337
341
345
338
343
348
350
340
340
349
350
345
346
347
340
337
347
353
350
342
350
347
348
343
352
355
340
343
351
356
345
338
355
350
343
347
351
347
342
344
359
351
338
340
350
346
343
352
348
345
346
343
342
343
343
346
348
348
340
347
349
343
346
347
343
336
347
353
346
346
346
343
343
344
344
345
341
346
354
347
335
336
344
345
346
346
347
344
344
339
340
338
338
344
345
344
342
340
342
339
339
347
346
334
335
345
343
336
341
340
342
341
336
341
338
335
337
340
349
336
339
346
334
332
338
340
340
333
341
347
333
330
340
339
334
338
342
343
332
336
343
339
334
339
342
338
336
339
338
335
340
342
340
335
335
340
339
332
340
339
331
332
337
340
337
335
338
346
337
332
338
338
333
334
340
341
338
338
338
341
334
333
339
337
331
336
342
342
339
334
338
336
336
341
342
339
350
333
333
336
338
342
339
335
335
340
336
336
339
339
336
333
338
342
337
335
341
336
337
337
341
342
334
333
340
339
336
339
340
337
334
338
342
339
337
346
338
336
337
340
341
336
337
340
342
341
338
336