329
334
341
337
332
333
342
341
335
334
337
328
336
352
351
343
342
353
353
342
340
354
350
342
345
354
347
342
349
358
350
347
345
353
353
353
357
357
345
348
360
359
347
341
362
350
341
335
354
334
345
332
355
338
348
325
346
329
337
325
334
327
332
339
345
343
338
343
331
332
325
356
342
344
328
355
338
342
328
353
326
337
326
344
330
333
330
336
326
331
348
343
330
322
353
341
338
325
352
331
338
326
350
328
337
321
343
333
342
327
341
336
338
341
340
328
337
347
341
327
335
354
341
336
339
354
337
341
340
352
336
336
345
355
336
342
347
342
331
328
346
348
337
327
341
331
332
329
355
327
329
327
350
324
333
333
348
315
312
327
341
328
328
329
324
319
323
333
332
329
327
337
327
334
332
347
334
337
329
341
329
334
328
342
328
337
351
347
336
333
350
340
338
335
356
336
341
332
359
344
352
345
367
342
343
343
352
335
338
342
345
331
333
342
336
332
324
331
320
328
320
336
316
316
311
336
317
320
309
321
316
322
326
322
299
308
323
332
314
315
321
332
332
332
339
338
337
343
362
344
348
352
365
334
346
347
350
326
333
341
343
329
340
339
338
324
343
360
364
354
357
375
363
362
359
369
357
355
352
360
349
346
349
351
342
344
366
369
356
348
354
353
352
342
348
338
343
345
352
352
356
362
362
350
345
349
345
329
333
346
352
350
354
358
356
348
352
355
353
349
354
358
352
347
352
356
352
350
349
354
350
347
351
349
343
343
350
347
340
341
345
343
337
344
347
343
339
341
342
335
336
346
346
336
338
352
347
335
336
347
346
339
337
348
345
335
338
343
339
336
339
343
335
334
339
341
334
336
340
337
332
336
342
338
332
333
339
341
330
333
343
339
330
335
342
335
327
334
349
336
329
336
340
334
336
342
338
330
328
343
337
325
334
346
341
328
329
342
334
326
337
346
334
326
337
344
333
333
341
338
336
334
332
338
335
337
340
338
331
331
340
338
329
341
345
333
327
335
342
336
331
339
339
333
331
339
341
335
330
337
345
338
337
336
337
335
337
344
339
324
337
346
354
373
396
367
342
358
382
400
404
344
332
402
411
333
334
292
288
361
304
283
361
351
266
289
368
387
298
268
319
338
324
314
333
349
326
335
340
321
305
314
341
338
334
324
332
342
335
322
325
347
336
314
326
340
324
325
333
339
325
321
336
339
325
325
337
332
331
335
327
334
332
330
341
334
328
335
337
329
328
346
348
336
328
339
340
330
333
337
334
334
328
329
336
331
340
340
337
329
333
346
339
332
342
343
332
329
336
340
332
330
339
339
336
332
344
342
332
337
340
339
334
334
343
334
336
343
341
336
332
340
336
334
334
348
342
332
339
344
341
331
336
346
338
336
343
345
337
330
340
344
340
339
337
340
339
337
340
341
338
332
339
341
337
337
343
336
336
341
343
337
331
337
342
337
334
338
347
339
334
342
342
334
334
344
342
330
339
348
340
334
337
342
338
332
340
329
342
345
341
337
332
333
341
344
334
336
345
344
333
332
342
338
334
340
348
330
337
345
348
338
331
338
342
336
324
347
358
340
337
342
338
332
335
342
342
322
336
354
341
335
336
343
337
335
337
338
351
345
340
336
332
331
340
333
334
328
330
349
340
336
339
337
331
341
339
335
340
346
340
328
330
338
343
336
337
347
341
317
333
351
346
334
329
339
339
340
340
343
330
327
339
342
333
330
339
342
330
333
342
343
333
334
340
336
331
336
346
338
332
336
340
336
337
340
343
331
328
344
344
334
332
340
338
329
329
341
340
337
334
340
338
333
335
342
332
332
349
344
332
330
337
342
338
337
332
348
340
334
338
340
330
333
347
339
328
334
345
343
329
333
342
337
330
337
342
333
327
338
341
336
334
343
340
334
334
340
338
332
332
339
338
332
332
341
341
335
328
343
342
334
336
340
333
330
340
342
333
333
342
340
333
338
343
342
332
330
339
341
335
337
344
335
331
338
344
335
328
336
342
338
336
341
337
332
333
344
342
336
335
341
338
327
333
342
343
336
337
341
337
332
331
336
334
335
343
342
331
333
343
341
332
336
341
337
334
336
347
338
329
335
341
338
334
343
341
336
332
339
338
336
331
342
343
333
337
337
339
337
338
345
341
332
334
345
341
335
338
342
333
335
344
344
332
330
341
342
337
335
343
342
339
335
343
341
330
337
344
342
334
340
343
333
332
340
343
334
334
342
342
331
330
340
342
334
334
343
342