343
336
329
329
341
340
330
337
345
333
328
341
345
332
327
343
347
328
327
347
347
327
327
342
344
330
336
344
338
330
336
346
341
324
336
349
339
329
338
346
334
330
344
347
331
329
343
342
330
334
347
342
328
336
346
343
331
338
345
336
331
345
346
335
331
340
346
337
335
344
346
332
334
348
348
337
336
341
338
338
345
348
336
330
341
348
339
334
344
349
337
334
346
348
334
334
344
347
336
336
348
346
335
340
353
341
334
341
348
338
334
345
349
341
335
346
349
335
340
350
345
338
341
350
345
333
338
350
344
334
341
350
343
339
346
349
337
332
344
350
340
337
346
348
337
341
349
344
337
349
354
340
330
341
352
341
333
344
354
343
335
344
351
341
338
352
354
338
332
344
346
337
339
349
346
335
340
348
346
336
338
347
339
336
343
353
338
330
343
349
339
335
345
349
332
335
345
341
336
342
350
340
333
341
350
342
334
343
351
338
335
344
350
341
334
344
350
336
336
349
348
339
339
354
343
332
339
350
344
334
340
354
344
335
342
348
337
337
348
349
339
336
352
348
334
336
345
348
339
340
350
345
336
339
354
343
334
341
348
339
335
346
350
341
338
345
345
336
336
347
349
335
334
347
347
335
339
348
345
334
341
351
339
329
341
348
339
335
345
346
334
334
347
347
331
334
347
343
327
336
347
340
330
338
348
341
334
340
347
339
331
341
344
332
331
346
345
331
333
347
346
328
332
346
344
332
337
349
339
332
342
348
334
327
343
346
336
333
347
346
328
332
346
345
334
339
342
339
330
337
346
338
328
337
346
339
330
341
352
335
334
344
341
331
329
345
344
333
336
345
340
329
336
347
340
330
343
347
334
327
337
345
338
329
340
347
333
331
343
350
336
329
339
340
328
332
344
339
332
341
351
336
325
334
347
342
329
335
340
337
334
341
340
331
335
344
342
331
339
345
341
330
334
340
341
337
343
346
337
332
341
348
335
328
341
343
335
338
346
339
330
334
346
342
330
336
343
340
331
336
345
338
327
337
349
338
329
339
341
334
330
343
342
331
336
343
338
332
333
344
338
329
337
349
338
327
335
346
336
333
337
342
336
332
337
346
335
332
343
344
330
328
341
340
336
336
340
333
328
336
345
337
329
338
345
333
329
341
345
332
326
339
349
337
327
338
338
328
338
348
338
325
336
348
336
327
345
346
326
324
342
344
327
330
344
342
330
330
341
340
332
338
350
338
319
332
348
342
326
331
347
341
330
336
341
332
334
348
345
330
326
345
342
333
335
343
336
329
335
342
340
332
334
345
338
332
339
343
338
330
338
344
332
330
342
341
333
332
342
340
329
335
343
340
331
336
349
338
326
334
344
335
331
343
347
333
324
339
348
338
333
343
338
332
335
347
342
329
338
350
347
330
329
344
341
332
339
342
336
334
342
343
333
334
345
341
330
330
337
346
339
336
345
339
327
335
354
360
359
358
370
384
433
454
420
352
360
361
331
329
319
321
334
329
326
368
350
253
260
374
400
294
278
340
374
339
306
316
318
302
330
343
326
317
333
341
329
318
337
346
316
316
342
325
310
331
342
336
324
333
329
326
326
339
341
322
324
347
335
322
333
337
335
326
325
342
338
324
334
345
332
322
333
343
333
324
334
343
329
328
336
338
334
332
341
343
327
331
340
339
332
334
342
339
332
341
343
333
330
335
340
339
333
341
354
336
329
344
340
327
328
342
347
333
333
346
342
333
338
348
339
336
344
345
333
328
344
349
334
335
347
346
333
335
345
346
332
336
351
338
329
340
349
340
326
339
351
338
330
339
348
337
334
348
345
331
333
343
340
336
343
349
341
330
335
345
343
331
342
355
340
325
334
343
340
330
344
352
340
332
341
339
331
338
351
343
330
338
346
338
329
340
348
339
330
339
349
337
326
344
353
333
330
344
348
333
331
346
348
340
338
342
338
330
340
355
347
329
336
349
339
332
342
348
336
332
346
350
337
337
345
344
327
334
346
348
330
334
343
343
335
338
344
339
330
339
348
340
330
338
344
337
332
348
342
327
335
347
344
330
336
347
339
327
341
353
342
325
335
342
345
335
337
342
334
331
346
346
334
332
344
340
330
338
348
341
328
335
351
344
330
334
345
341
332
342
350
335
331
340
341
335
334
345
344
331
334
344
339
326
334
348
340
325
336
348
339
331
340
346
338
328
340
348
333
334
350
345
327
332
346
345
335
336
350
348
338
344
355
343
337
349
361
346
332
345
353
344
338