338
341
336
336
337
340
338
334
338
343
334
331
337
342
337
334
342
343
334
338
345
341
334
336
345
337
332
340
344
337
336
338
340
338
337
337
339
336
334
345
346
334
333
342
344
332
340
347
339
329
336
346
339
337
338
342
340
334
338
343
340
336
341
344
341
340
339
342
340
339
340
342
341
337
340
341
340
336
344
340
339
341
343
339
338
339
342
338
338
345
344
334
336
345
344
335
335
342
342
341
342
347
342
336
337
342
340
334
341
345
338
340
343
342
341
342
345
341
334
333
339
342
339
343
342
338
336
338
342
342
336
336
340
337
335
339
340
335
337
343
341
335
334
342
342
336
334
339
342
332
341
343
335
329
341
344
335
334
338
340
339
335
336
338
336
339
341
341
337
339
341
343
335
335
342
341
337
336
341
339
332
338
346
342
335
342
345
341
332
336
340
340
334
340
341
339
340
343
337
330
337
342
340
336
336
340
341
335
342
341
336
330
338
339
334
332
343
343
333
335
338
337
335
335
339
339
337
338
340
334
338
340
339
334
337
341
340
336
334
341
341
331
332
342
345
337
336
343
338
332
338
341
337
337
346
342
336
331
340
344
338
331
334
344
342
340
347
338
334
336
345
342
333
338
339
332
335
340
338
334
331
339
341
338
334
336
340
339
335
338
340
332
331
341
342
333
334
340
338
332
340
343
333
331
340
340
334
334
340
339
332
331
338
338
332
332
342
340
328
337
339
336
333
339
342
336
334
342
340
336
332
337
338
335
335
345
343
334
335
340
342
338
334
342
348
340
336
345
342
337
336
342
343
336
336
341
339
338
342
339
337
331
342
336
336
338
340
333
332
330
336
335
335
333
332
330
327
336
339
331
325
331
336
331
329
334
332
326
326
343
344
327
326
334
335
331
334
338
334
329
335
339
340
329
330
335
333
336
337
336
331
330
342
344
327
328
336
341
334
335
337
339
332
348
344
332
330
336
339
338
333
334
334
331
329
333
338
347
337
359
378
332
324
335
367
318
363
366
298
322
358
314
320
308
320
354
324
317
314
317
331
350
357
294
292
316
343
332
317
304
330
343
320
312
321
319
327
329
342
330
356
327
329
351
379
327
307
302
291
328
383
332
286
307
308
338
346
314
312
316
327
347
332
333
341
314
312
325
338
342
341
330
329
333
334
341
343
330
333
337
339
335
333
341
347
338
335
334
335
338
345
341
338
341
341
346
340
338
342
345
344
338
336
349
344
336
339
344
344
341
346
348
345
339
344
347
342
344
347
347
337
344
344
346
347
347
347
346
344
345
353
348
336
338
348
349
345
347
346
343
344
347
350
348
344
343
344
338
343
352
345
339
348
351
343
338
342
352
351
340
342
346
339
340
348
350
342
339
345
346
344
346
344
341
340
343
348
343
337
345
348
346
341
344
345
347
340
339
346
342
338
345
347
341
344
342
343
345
346
346
341
343
344
346
341
341
346
346
339
338
342
343
345
343
344
336
335
342
349
347
342
340
338
338
339
342
345
340
334
339
348
341
338
344
342
334
334
345
343
339
335
339
342
337
337
342
341
338
336
344
341
337
340
344
340
339
341
341
338
336
340
342
338
338
342
337
336
344
344
341
335
340
345
338
336
336
338
339
336
339
344
341
339
338
342
336
337
340
340
333
336
343
340
333
337
341
338
334
337
342
339
328
335
348
339
333
339
341
334
335
339
342
339
335
338
341
336
336
339
337
333
337
344
340
332
335
341
335
328
338
342
335
334
341
340
335
336
338
339
339
345
338
334
330
336
343
336
335
340
344
339
338
338
340
335
336
337
339
340
338
341
339
333
334
341
341
333
336
342
339
334
337
340
336
332
335
345
338
334
337
338
335
332
338
340
335
336
342
339
332
333
342
338
332
338
343
342
338
338
339
335
333
339
340
336
338
337
340
336
335
340
338
334
332
338
343
337
336
342
339
333
335
336
337
338
340
338
334
333
338
342
332
336
339
340
335
335
344
338
330
334
344
340
327
334
344
338
334
336
344
333
332
341
341
339
332
336
344
340
338
340
336
334
338
341
337
336
338
346
337
333
341
342
336
332
338
344
342
341
339
338
333
337
344
345
333
332
342
341
335
337
343
338
331
338
343
344
338
340
340
337
335
338
341
337
335
337
340
336
338
344
340
332
333
340
343
338
337
341
335
332
341
346
337
333
336
339
337
336
345
344
335
326
338
344
336
336
344
337
333
338
343
338
331
335
343
334
330
344
343
336
330
335
339
335
333
338
340
334