338
343
326
316
322
401
398
299
251
354
403
354
303
296
280
361
425
346
260
298
366
346
312
310
326
324
342
338
328
320
347
340
296
284
400
432
313
235
356
432
352
264
300
337
358
389
348
271
291
378
353
307
302
330
329
352
332
311
309
354
345
290
277
396
430
318
232
349
420
348
272
299
353
351
358
325
258
292
439
406
270
247
412
410
302
265
325
341
330
319
332
329
335
334
326
315
335
360
330
267
315
429
375
271
276
360
352
344
327
278
269
418
423
307
249
341
371
331
303
312
325
331
338
322
314
327
357
335
294
298
405
382
279
255
414
437
311
243
353
392
341
295
314
325
347
388
333
251
313
441
376
255
265
383
374
297
276
324
335
340
327
316
310
345
344
322
312
334
354
326
282
334
434
373
271
287
391
368
314
296
307
314
418
405
289
241
354
381
322
292
312
328
342
337
322
315
335
373
336
275
306
449
401
260
257
406
398
320
280
296
308
396
400
312
263
327
367
335
303
316
334
337
346
330
315
327
427
388
270
270
417
413
306
267
331
343
393
377
310
252
332
395
345
283
316
361
344
327
319
324
329
363
345
318
315
397
385
296
271
406
414
329
277
329
362
359
348
314
264
333
449
383
261
275
360
358
335
319
329
330
357
343
320
313
382
377
313
272
377
426
350
276
311
348
357
396
351
270
301
426
389
284
276
335
348
368
348
325
318
353
345
327
314
379
409
338
264
356
454
382
280
307
402
376
308
304
355
349
389
363
333
320
319
325
338
330
322
321
331
331
331
334
327
322
329
344
337
323
328
340
336
337
332
327
322
347
346
332
321
325
330
334
334
336
330
341
346
335
318
332
350
342
341
336
330
332
353
346
328
322
334
339
334
332
333
332
340
340
336
326
341
346
344
347
340
328
336
351
339
328
329
341
339
337
336
333
330
345
342
332
326
345
347
340
334
337
335
344
350
338
326
335
345
337
333
334
344
337
338
338
337
335
346
341
338
330
343
343
349
345
338
330
341
352
339
331
336
339
337
340
337
343
337
338
336
337
338
340
338
338
337
343
337
340
340
341
339
340
340
338
336
337
338
338
339
337
342
341
336
334
336
335
338
338
339
335
335
336
340
337
338
338
342
343
339
336
336
337
340
338
337
339
339
344
336
330
335
337
335
339
336
343
340
340
334
337
338
338
336
340
340
338
336
335
336
338
342
344
337
334
337
336
339
339
342
336
339
337
342
337
342
337
340
340
344
336
337
336
337
339
343
340
339
343
341
337
337
335
334
340
340
345
334
334
334
342
338
336
335
344
337
338
340
337
331
337
341
341
338
339
337
334
335
342
337
334
336
335
342
336
336
339
342
335
334
333
339
337
340
346
365
357
335
346
432
530
502
425
463
583
657
591
468
193
175
583
461
167
124
376
451
319
283
409
423
180
164
362
489
334
206
258
305
335
321
323
284
292
297
283
312
296
294
299
306
295
293
313
313
314
313
294
304
319
343
308
289
298
321
324
285
294
301
302
312
306
283
312
333
335
312
296
304
335
349
333
326
351
338
343
348
361
358
363
343
365
365
352
366
359
364
361
383
361
355
353
366
365
371
372
369
367
356
354
358
364
362
358
363
358
355
362
359
355
354
361
354
357
357
349
343
353
354
351
346
349
347
343
340
348
349
342
345
346
341
338
344
343
350
338
329
332
340
341
343
342
335
331
333
332
338
343
341
329
326
333
335
336
333
340
342
336
326
328
330
333
333
333
330
332
334
332
324
329
334
329
330
331
333
335
332
328
328
327
333
329
337
336
328
325
331
330
336
334
334
326
324
326
330
332
331
340
337
322
319
328
332
336
330
335
336
336
328
323
324
332
332
332
330
335
335
330
326
326
327
331
332
331
333
338
341
325
326
329
336
330
328
330
338
346
339
332
329
325
325
330
334
338
343
343
333
328
331
334
336
337
334
341
334
331
332
332
328
336
336
341
333
340
343
334
322
324
329
334
336
340
340
336
333
333
339
338
340
334
333
332
336
343
342
325
334
337
335
329
331
334
340
339
339
332
330
332
336
336
338
338
338
338
338
336
331
334
336
339
334
337
336
336
332
332
332
334
337
341
342
339
335
339
340
335
333
335
341
340
337
331
336
338
341
335
343
338
338
334
333
332
333
333
341
338
344
342
342
332
332
337
340
338
335
335
335
340
335
341
338
338
330
331
333
340
345
336
330
331
334
342
340
337
336
342
343
336
334
329
332
332
336
338
339
337
346
335
324
325
334
334
335
332
338