333
349
336
320
337
355
336
319
338
352
335
324
341
348
326
322
349
349
324
328
351
344
324
335
351
338
322
336
353
335
324
342
352
329
323
344
352
332
324
347
349
327
329
350
344
329
335
351
342
321
337
351
333
320
341
355
332
322
343
351
329
327
344
345
324
329
358
343
318
330
356
344
323
334
351
337
324
340
351
330
327
344
346
326
325
351
349
323
327
352
349
323
329
350
341
324
338
351
331
320
340
355
334
323
349
351
327
324
350
348
327
330
352
346
327
332
351
340
321
337
354
338
325
342
355
334
324
343
349
331
328
352
349
325
326
349
345
325
336
356
345
323
333
352
338
325
343
355
332
322
344
349
327
326
352
349
329
330
347
343
322
333
354
342
322
335
352
336
324
344
355
332
324
345
350
329
327
353
348
328
332
354
345
321
335
354
341
322
339
356
333
323
343
354
331
325
349
351
330
327
349
348
325
334
354
341
318
330
353
341
324
338
354
334
322
342
355
335
325
348
351
328
330
352
352
327
332
353
347
326
337
356
343
326
338
354
339
323
344
354
332
326
348
353
330
327
353
350
324
329
356
346
322
332
357
340
320
338
355
336
322
342
352
330
325
347
346
320
322
352
350
322
326
349
342
322
331
351
337
318
334
352
332
316
337
350
332
317
341
348
330
324
346
347
325
330
350
340
321
333
353
338
320
337
353
334
322
341
351
326
324
346
349
327
325
348
346
325
330
352
341
322
333
349
336
320
341
355
333
324
343
350
330
327
352
352
325
324
348
348
328
333
350
341
322
334
349
336
322
339
354
337
323
343
352
334
330
350
346
324
327
352
348
323
331
355
345
321
336
355
341
330
342
351
333
323
343
352
331
329
348
351
326
328
356
350
327
327
347
346
348
370
372
349
390
474
466
352
333
480
521
346
243
360
447
408
328
278
417
485
254
268
322
361
330
300
292
320
342
357
346
350
343
364
304
278
326
357
338
301
320
327
313
330
340
322
300
330
343
319
302
323
342
322
307
332
341
316
314
337
336
309
317
344
337
312
327
341
328
313
328
355
334
313
346
344
316
311
338
351
325
319
344
347
322
325
346
348
320
327
346
338
324
336
347
331
317
337
353
330
324
342
344
325
320
348
346
321
330
351
346
327
327
345
336
319
338
357
337
318
341
354
332
326
345
349
333
332
350
349
325
326
352
346
331
345
351
334
318
338
354
339
327
341
352
336
325
346
357
331
322
348
350
327
334
353
344
322
334
355
341
322
335
356
338
320
340
350
331
322
343
350
323
323
347
344
322
329
351
340
317
332
354
338
316
334
351
334
318
338
352
329
318
343
348
323
320
346
346
324
331
351
344
322
326
348
340
327
335
346
332
322
341
352
329
321
343
356
332
320
341
346
323
327
350
349
329
326
343
336
322
338
353
337
330
346
346
325
323
347
351
328
332
359
350
321
324
347
342
323
335
356
344
322
339
351
332
320
342
353
331
328
354
350
323
318
346
345
324
331
352
345
323
334
354
339
322
340
354
347
326
342
348
330
326
350
352
330
331
350
344
320
328
352
344
326
341
352
336
321
339
353
336
326
353
358
330
320
341
347
327
328
351
349
333
337
348
341
324
334
351
339
325
343
360
340
321
336
348
330
328
348
351
329
330
351
345
321
330
352
345
324
335
358
343
328
336
345
330
324
346
357
332
322
347
349
327
329
351
347
333
341
349
335
322
334
353
340
324
341
352
334
322
343
351
331
327
352
355
324
322
346
346
325
332
353
348
326
334
348
332
320
339
353
336
330
348
348
326
324
346
348
326
331
355
345
321
329
350
342
326
340
357
338
323
343
359
339
324
345
356
332
327
349
350
328
331
354
359
328
328
351
343
328
341
356
339
327
342
354
334
327
354
355
328
327
349
348
327
330
350
348
328
334
352
342
322
337
354
340
322
339
351
333
324
349
353
327
327
347
347
329
328
354
345
320
332
351
340
322
335
355
344
324
335
347
331
325
348
353
331
335
345
339
321
328
351
344
329
334
351
337
320
335
352
337
323
343
360
336
321
342
345
326
324
348
350
327
329
347
342
324
330
350
340
320
336
354
344
324
336
346
328
323
345
351
329
328
354
354
324
322
345
343
321
331
352
341
321
338
350
334
321
343
351
333
325
348
352
322
320
346
346
326
329
350
342
324
337
356
341
322
333
346
330
320
343
357
329
318
343
350
328
326
350
350
329
328
348
344
320
331
354
341
322
339
356
339
323
344
353
339
325
340
346
326
325
351
347