340
344
333
330
345
346
331
330
343
342
331
333
346
343
332
336
343
334
333
343
347
334
329
343
352
335
333
345
340
328
330
343
343
333
334
345
344
328
339
348
341
330
343
348
334
328
342
345
335
334
342
345
332
332
347
348
331
333
343
341
333
338
345
340
331
338
347
339
329
339
348
341
331
339
345
338
335
342
348
336
337
350
347
333
338
348
341
334
337
347
340
334
342
348
340
334
342
354
340
329
342
345
333
339
348
343
332
332
346
345
333
337
347
342
330
340
348
341
334
340
344
338
333
341
344
336
334
348
347
327
331
348
344
332
336
345
340
328
336
349
342
330
340
346
333
329
345
346
334
329
344
346
332
333
347
342
331
333
346
344
326
337
346
342
332
337
348
342
332
337
344
336
332
343
345
334
332
346
348
331
329
345
347
327
330
344
340
329
334
348
341
329
335
346
337
331
340
347
333
325
339
345
334
331
342
344
332
330
344
344
331
332
348
341
327
330
342
337
328
340
342
334
328
334
343
334
327
337
345
333
329
339
341
330
331
343
341
331
335
347
340
326
334
344
334
327
339
346
333
326
340
345
333
333
344
338
325
330
346
339
327
332
344
338
326
339
346
335
328
335
343
336
330
339
343
333
331
346
344
328
331
343
341
329
332
346
342
330
334
345
336
324
336
349
340
329
335
344
331
329
339
344
334
332
342
344
332
332
343
340
329
332
347
340
326
335
347
339
326
336
349
341
330
343
349
335
328
341
345
332
333
347
346
329
332
349
351
330
330
349
342
329
336
345
339
330
340
346
334
329
345
347
333
330
344
343
330
335
348
341
328
335
346
339
325
338
348
338
331
337
345
336
328
340
346
333
328
343
347
331
329
343
344
334
333
349
340
326
334
349
344
328
334
351
346
332
341
346
335
333
345
345
331
330
346
351
352
354
377
406
415
491
567
532
485
430
282
264
409
379
221
274
399
496
366
323
324
276
396
405
267
273
278
340
320
278
301
242
300
323
348
331
294
304
318
305
326
289
252
279
291
294
280
293
293
295
303
297
316
296
264
274
305
307
292
290
300
311
299
308
324
306
302
315
326
319
311
318
331
322
324
338
335
297
337
366
300
264
295
351
320
311
307
324
327
326
363
320
293
304
319
336
329
329
334
342
328
331
354
342
322
323
345
350
335
330
346
354
346
344
344
342
337
348
352
345
339
345
357
356
335
346
352
344
342
355
354
341
350
355
346
337
344
356
358
338
344
353
350
338
347
354
344
336
352
357
348
343
360
360
337
340
356
358
348
342
358
352
342
346
358
350
336
353
359
350
335
345
353
347
340
348
353
341
343
351
346
338
347
352
342
340
348
357
351
334
340
351
345
338
348
357
342
333
349
356
342
338
354
351
338
335
347
351
337
340
353
343
334
348
352
341
335
350
354
346
336
344
352
339
336
351
357
336
337
351
346
342
340
351
346
332
337
355
352
336
341
354
346
340
344
349
340
338
352
352
339
335
347
349
338
339
355
350
335
339
349
344
331
348
362
340
329
338
357
347
332
340
352
345
331
341
350
337
332
347
345
331
334
346
342
334
339
350
347
329
334
346
340
332
338
346
337
330
345
349
338
329
345
350
336
332
350
348
331
337
346
343
335
341
344
340
339
339
351
349
328
337
350
345
335
338
345
335
335
348
350
331
332
347
351
338
336
344
341
337
342
345
346
331
338
348
339
330
341
349
332
332
350
349
336
339
346
342
331
337
354
347
332
333
348
344
333
336
350
344
334
338
344
337
334
344
350
334
336
341
349
332
332
346
343
332
331
343
343
334
336
345
337
335
341
342
336
335
343
345
333
334
344
343
332
335
351
346
330
332
345
341
331
336
346
340
333
340
345
339
340
346
346
332
331
342
348
336
330
343
347
341
336
342
338
326
334
348
347
331
334
347
340
333
342
356
340
327
334
344
339
333
343
344
334
330
343
349
329
335
351
343
327
334
347
343
328
335
351
341
329
336
344
339
332
344
346
332
329
346
346
325
330
349
349
331
332
349
343
326
336
345
339
329
336
346
337
328
340
348
333
327
339
345
331
329
342
348
332
327
342
340
328
333
347
343
326
328
342
340
329
336
343
334
328
339
344
330
326
338
342
334
332
343
344
337
336
342
334
325
335
347
340
332
333
342
336
328
338
345
333
329
343
347
331
330
342
342
329
328
342
343
329
335
349
341
322
330
343
338
330
340
343
332
326
337
343
335
328
339
343
329
330
344
344
331
331
340
340
329
333
346
335