336
334
349
348
332
332
347
347
332
336
351
346
331
339
352
343
329
338
349
344
333
344
346
330
333
348
347
334
333
346
348
336
335
348
347
330
333
348
340
330
342
352
338
330
342
348
337
334
341
346
334
334
349
346
333
335
349
342
327
336
350
344
329
338
342
336
334
343
347
334
330
344
348
332
329
346
345
331
337
351
344
328
329
346
343
330
337
346
340
336
338
345
337
332
342
347
334
330
343
348
337
331
345
342
328
334
348
345
333
338
346
338
332
343
352
336
330
344
349
335
333
342
346
335
334
346
342
330
337
350
340
326
337
352
342
330
338
348
338
329
341
347
333
332
344
345
332
333
346
346
332
331
344
343
331
339
349
339
329
338
349
339
334
343
341
333
333
346
347
335
331
344
345
333
336
346
340
332
338
350
342
330
337
348
338
332
343
346
332
330
346
349
334
336
343
343
330
334
347
347
334
335
347
339
328
336
344
337
332
338
345
337
330
344
345
330
331
345
344
331
332
349
345
333
334
345
340
332
338
345
337
331
340
348
335
329
339
342
330
331
347
346
331
335
345
341
331
328
345
343
329
333
346
344
330
336
344
338
334
342
344
332
330
342
346
333
329
342
345
333
332
346
336
327
340
351
337
325
339
347
335
334
342
344
334
330
340
345
333
334
344
344
332
330
347
346
330
334
350
340
326
337
348
336
327
340
351
333
324
342
348
334
330
339
343
333
329
349
345
328
334
344
340
331
337
348
335
328
336
346
336
328
340
348
334
331
345
345
330
330
344
341
331
339
351
336
327
337
349
338
327
341
348
339
325
338
350
337
330
340
344
332
335
343
341
332
335
347
342
327
336
344
337
327
334
350
341
332
342
347
334
329
342
344
336
333
341
340
332
337
346
338
328
335
345
343
331
338
347
337
329
340
345
330
328
343
347
334
333
344
343
332
335
346
343
329
336
347
338
325
335
344
337
330
341
347
335
332
339
342
332
332
344
343
330
328
346
344
329
331
344
339
330
338
346
334
327
339
346
334
332
344
345
332
332
342
344
333
332
340
344
338
333
343
339
328
334
347
340
331
338
346
338
333
341
343
334
328
343
344
334
331
341
343
329
334
349
346
327
334
345
341
330
334
346
336
328
342
347
332
329
344
352
344
335
342
368
386
397
402
415
403
406
380
349
379
404
318
212
268
422
409
314
284
262
335
372
308
266
260
306
352
371
351
268
266
320
348
314
304
325
350
342
304
292
304
321
321
316
309
306
323
319
307
316
323
324
313
317
329
316
304
311
334
331
312
313
323
317
317
330
327
311
320
327
324
307
317
326
320
309
318
330
327
328
334
344
333
331
339
348
332
334
340
349
325
330
338
348
328
337
338
345
327
337
350
342
328
336
344
339
335
349
360
339
338
344
356
329
337
347
353
335
342
354
359
341
346
354
349
332
331
338
327
325
330
347
346
344
350
361
345
343
348
359
343
345
348
352
332
344
356
355
338
349
362
353
337
344
361
340
340
355
367
349
346
353
363
342
354
364
361
346
359
368
361
346
350
367
358
352
354
365
355
351
351
365
353
353
352
360
346
350
359
367
349
353
361
359
345
344
356
350
342
348
360
347
347
356
358
334
335
340
352
332
336
339
346
336
335
334
334
320
327
325
322
312
318
325
319
314
328
343
333
326
332
340
332
332
339
347
329
328
340
343
328
335
348
350
343
345
355
348
339
343
354
350
340
344
361
346
337
348
355
341
338
353
350
334
338
352
346
332
334
351
341
334
342
348
335
327
333
340
332
326
338
343
335
331
344
346
330
329
347
350
333
333
342
342
331
334
348
342
328
336
344
335
326
338
342
330
328
343
346
329
332
344
343
328
330
343
339
326
331
341
335
329
338
344
331
321
334
343
331
323
336
344
333
327
339
340
327
322
339
341
331
331
340
334
322
331
341
333
322
330
340
333
329
337
340
328
322
334
340
328
326
339
338
324
325
339
339
328
331
341
333
324
332
340
332
324
334
348
334
326
338
340
326
326
338
333
327
334
345
338
324
333
344
337
325
331
342
335
325
337
344
330
321
335
351
336
329
337
339
329
330
344
331
324
334
347
337
325
333
344
334
323
341
347
332
326
340
345
331
330
343
347
329
329
344
341
328
332
341
332
326
341
351
334
327
339
348
330
326
342
346
330
327
344
346
330
329
348
344
324
333
350
343
327
330
346
343
327
337
350
338
327
340
346
334
333
347
344
331
332
348
345
330
329
345
345
332
334
350
342
328
337
350
337