343
347
340
345
349
343
338
344
350
342
334
346
354
342
335
337
345
346
348
349
342
334
335
342
344
337
337
346
340
324
337
350
346
344
347
347
346
343
347
336
330
343
353
347
341
343
348
349
341
336
344
347
343
340
344
343
336
337
341
338
337
336
343
344
335
338
344
340
332
336
342
331
335
343
341
338
337
340
335
326
329
337
344
337
332
340
341
337
332
341
337
340
340
342
336
332
331
340
339
338
337
338
340
336
343
342
338
339
346
347
334
332
342
343
335
340
343
328
328
344
348
342
336
338
343
341
338
340
336
334
339
341
343
340
340
344
342
337
341
345
336
334
340
347
340
335
346
350
340
336
338
341
340
343
351
346
332
333
347
346
344
344
344
340
336
338
346
346
339
336
338
335
340
348
347
337
333
336
338
339
339
347
352
344
336
339
340
338
340
345
337
329
337
343
343
334
336
344
340
337
344
344
335
329
343
347
343
347
344
339
330
331
343
353
344
341
343
337
333
340
346
341
334
341
350
345
339
343
348
341
334
336
345
343
342
343
342
339
338
345
344
336
333
346
346
341
343
348
346
341
346
348
340
335
342