336
330
332
335
335
326
329
344
344
333
332
340
340
332
333
340
340
333
335
339
336
336
338
340
333
327
335
340
336
331
337
342
338
330
339
342
334
332
344
341
328
333
344
347
336
337
346
341
335
341
348
340
333
343
349
341
338
341
344
338
337
341
339
335
341
350
350
339
339
346
343
341
346
348
341
339
346
350
340
340
347
346
338
337
351
353
342
340
347
348
339
340
352
352
338
339
348
346
337
343
348
345
341
346
352
345
342
347
350
343
339
349
354
343
339
345
348
340
346
352
346
337
341
351
348
340
345
351
343
336
342
349
341
336
345
348
338
334
338
343
340
341
346
343
338
340
347
344
337
338
347
342
334
340
349
347
337
341
349
343
338
344
350
342
340
348
348
341
342
348
348
338
338
348
347
337
343
350
348
338
343
350
349
344
346
351
345
340
349
352
344
340
349
349
336
336
356
348
340
344
354
352
339
344
354
349
341
346
354
346
340
344
349
347
345
350
351
346
343
352
354
344
344
353
354
343
342
354
350
339
343
354
350
345
349
354
349
342
348
353
346
341
351
356
348
344
350
351
346
344
351
352
341
341
352