336
340
343
339
332
335
337
337
337
339
339
337
340
342
342
340
335
338
339
338
337
341
336
334
337
340
338
337
339
339
335
334
340
340
339
340
339
336
335
336
340
338
334
336
340
342
338
336
340
339
339
339
338
335
335
343
342
333
334
339
340
338
335
339
338
330
332
338
338
335
337
340
337
334
340
341
332
331
337
339
337
337
340
339
338
338
339
339
334
335
338
338
337
339
341
336
333
337
339
338
336
340
339
332
336
341
344
334
331
337
340
339
336
339
340
336
338
338
336
335
334
336
338
333
336
337
337
339
339
340
335
334
340
341
336
335
340
334
332
336
340
337
339
339
336
333
334
339
340
334
334
337
339
337
337
342
335
332
336
339
339
335
333
337
336
334
338
342
336
336
337
338
337
336
336
338
337
336
337
339
336
335
340
339
336
334
337
335
333
336
340
338
335
337
339
337
334
338
340
336
336
339
335
332
336
340
338
335
337
338
337
335
340
342
343
334
333
338
336
336
339
339
336
337
341
340
336
337
339
338
337
341
340
335
332
337
342
338
336
337
338
339
336
340
341
335
337
341
338
335
336
339
340
335
337
341
341
339
340
347
340
333
333
338
340
339
338
340
335
335
341
340
338
340
338
339
340
336
340
340
335
336
340
341
340
340
340
347
373
363
341
370
412
355
379
331
291
433
418
304
268
347
418
354
316
378
440
313
278
379
386
385
346
338
347
349
355
356
313
336
359
362
340
357
326
324
371
353
335
346
321
320
339
346
351
369
326
344
317
323
338
362
333
344
316
315
327
346
337
327
331
334
328
327
334
339
329
334
328
329
328
330
333
335
337
329
329
332
334
333
336
329
334
332
337
340
336
333
343
337
332
341
339
331
337
340
337
332
332
338
344
332
329
338
338
331
332
333
338
335
330
338
333
326
328
339
334
327
328
341
334
329
331
332
335
331
329
332
330
333
335
330
328
333
336
334
334
336
332
323
322
330
334
338
333
335
334
328
327
336
333
330
326
331
333
334
334
335
328
330
331
338
331
326
332
336
331
328
331
341
338
333
331
332
332
337
336
331
331
332
333
337
334
331
335
334
334
339
338
331
330
333
335
335
332
335
338
336
333
338
341
331
329
335
338
333
335
346
340
333
333
338
338
336
334
338
338
338
338
337
334
334
338
341
338
335
339
340
337
339
351
342
330
331
338
338
335
340
345
338
328
336
339
337
336
341
339
343
350
334
324
329
333
338
336
334
337
351
340
328
334
338
338
337
338
341
341
339
344
341
337
334
337
339
338
337
341
348
342
338
336
332
332
338
340
336
335
338
343
336
333
339
340
337
336
338
339
345
340
333
333
333
336
340
338
336
340
339
347
332
332
336
337
338
339
341
342
337
336
335
334
334
339
340
335
340
342
337
330
335
339
339
336
335
337
338
343
346
336
334
335
341
347
344
328
332
339
338
339
339
341
338
336
340
343
340
336
336
336
338
338
344
340
334
341
346
338
336
339
336
339
336
343
341
335
334
343
345
336
330
335
340
338
338
341
341
340
341
342
339
338
342
350
333
327
334
339
336
337
341
341
339
340
340
340
337
339
343
342
343
336
333
333
335
339
342
340
339
337
339
336
341
343
337
330
339
342
338
336
337
339
334
337
343
343
335
335
340
338
333
334
343
347
336
332
334
337
337
339
343
339
336
340
339
341
338
340
342
332
333
339
342
342
342
338
340
339
335
339
344
341
339
337
336
336
340
347
344
334
335
340
341
340
345
343
334
332
341
344
335
338
340
340
336
338
338
334
338
340
336
331
332
340
338
332
335
343
339
337
332
332
338
334
336
339
339
335
333
337
339
334
334
341
340
333
332
335
336
343
338
335
335
337
343
339
333
333
338
339
337
337
341
338
336
334
344
331
328
331
335
336
332
332
333
336
332
336
336
339
335
328
330
335
335
337
332
332
339
348
334
337
330
332
334
335
336
340
336
338
337
337
334
338
344
343
336
336
335
339
338
339
336
341
337
336
337
339
337
344
341
336
335
337
341
340
333
337
340
340
338
332
340
344
339
333
333
333
337
338
334
334
336
337
338
335
337
339
332
335
337
340
337
335
332
337
338
343
341
340
338
343
342
341
336
339
348
341
334
338
342
339
346
343
342
338
347
346
341
335
338
342
346
338
336
340
344
342
344
344
342
340
341
345
339
335
334
340
337
342
343
342
339
342
336
337
339
343
338
332
330
335
338
341
340
340
337
333
330
337
338
336
339
342
342
335
330
335
338
336