333
337
339
337
344
344
337
336
347
350
338
334
339
340
338
345
347
339
335
340
343
342
339
344
347
343
339
344
348
334
332
342
346
340
338
342
343
341
345
346
344
342
343
346
340
337
338
342
343
343
344
342
341
338
342
348
342
344
351
342
334
335
342
344
344
345
342
341
341
349
344
336
335
342
347
344
345
344
341
337
340
346
345
348
342
338
340
342
344
345
342
343
347
345
339
340
347
347
343
344
349
350
339
333
342
346
345
340
341
344
341
341
346
345
337
338
344
347
345
348
345
338
336
340
344
344
341
342
344
340
339
346
344
341
345
346
341
339
344
347
345
340
341
343
345
342
344
345
341
339
344
347
344
346
346
342
339
341
344
344
340
342
350
347
338
338
345
344
340
340
346
345
342
348
352
339
335
343
349
343
336
343
348
344
344
345
340
339
346
345
339
338
343
348
342
341
346
346
346
339
338
344
341
338
346
350
341
338
344
345
342
345
343
338
337
344
350
345
340
341
342
343
342
346
343
340
337
345
348
342
341
344
340
340
344
343
339
339
343
344
340
342
344
341
340
337
343
347
345
339
341
347
341
338
344
349
346
338
342
346
344
344
341
338
337
345
347
344
340
346
344
342
345
345
343
342
346
349
346
341
341
347
347
340
344
349
347
342
346
347
346
346
350
350
343
342
346
344
342
340
346
346
341
344
351
346
337
340
344
341
338
341
343
343
346
346
345
338
341
343
345
342
337
340
345
339
339
344
344
342
343
345
341
339
342
345
339
336
343
346
343
339
342
346
343
340
345
352
345
336
344
348
341
340
345
347
338
338
343
342
339
345
352
344
342
344
347
337
335
346
356
340
332
342
345
340
336
342
343
343
343
342
335
334
346
348
339
338
343
346
342
339
342
344
346
347
344
342
341
338
341
344
345
339
341
345
338
338
348
344
340
339
346
345
334
340
348
341
336
342
340
332
337
350
348
337
339
349
345
336
338
349
344
335
340
345
343
340
341
340
337
338
347
351
344
335
337
340
339
341
342
341
332
335
349
347
340
338
340
347
344
344
323
335
349
358
348
325
352
366
347
324
336
329
341
334
330
348
326
315
331
332
323
302
343
356
331
315
311
329
336
331
335
322
338
348
344
317
336