350
353
342
336
352
358
354
350
357
350
335
339
349
349
344
338
344
355
355
353
349
353
344
341
352
349
348
352
350
350
350
353
357
353
344
350
360
353
352
363
362
353
351
354
362
362
360
361
359
360
361
361
361
356
356
364
363
353
357
359
351
354
364
361
355
356
362
363
362
368
375
365
365
374
374
373
359
354
351
355
362
372
372
355
355
361
364
362
363
365
368
366
361
360
363
369
372
371
365
365
367
362
361
363
366
371
365
364
361
361
366
371
362
357
358
361
361
358
355
360
368
365
359
363
366
363
362
364
363
354
355
360
359
359
357
361
357
355
357
363
359
355
355
355
355
354
352
364
364
353
354
353
353
353
354
352
351
350
354
349
346
347
352
351
358
367
363
350
342
346
352
346
343
340
339
341
344
346
347
348
353
354
345
338
347
349
351
347
338
337
339
338
342
346
342
343
349
340
334
332
342
354
346
335
335
337
334
336
341
340
333
332
336
336
330
330
335
338
341
338
334
334
332
329
325
326
325
327
329
326
326
336
332
326
327
332
330
324
330
339
330
321
317
321
320
321
326
331
332
325
322
330
329
317
321
327
322
321
328
326
319
320
328
326
319
323
330
326
324
330
329
321
318
322
324
321
317
325
333
325
311
317
325
326
326
325
322
324
326
329
327
324
324
323
325
320
320
325
326
321
328
326
322
322
326
328
324
327
331
328
325
330
328
318
316
325
334
334
328
328
329
324
324
332
336
331
328
329
335
330
329
336
328
321
326
335
335
332
328
330
325
323
327
333
331
330
337
333
327
328
329
334
335
333
334
324
322
328
333
332
331
335
339
334
334
329
333
337
336
331
331
333
337
333
331
332
332
337
339
331
329
336
340
342
345
336
328
324
330
338
337
336
336
336
336
336
342
342
336
333
340
343
337
336
333
336
336
337
344
340
333
336
342
339
334
340
346
337
333
337
342
341
338
341
344
338
340
349
341
338
343
346
342
337
340
343
343
338
341
345
344
338
346
351
341
340
343
347
345
344
347
353
343
338
346
345
345
342
346
343
342
346
355
347
346
352
353
344
342
352
348
345
348
350
352
348
349
353
347
351
352
350
347
344
348
356
353
342
347
355
352
345
350
357
355
350
356
357
346