334
331
328
328
330
326
329
336
338
324
322
329
332
329
327
329
340
332
318
326
325
321
330
334
329
321
327
332
326
326
334
325
322
325
332
330
324
325
327
330
335
330
331
329
324
328
329
329
329
328
330
327
329
332
333
326
320
332
341
328
322
332
325
328
333
336
326
322
324
334
332
331
334
332
330
330
330
327
330
325
338
339
325
322
334
339
332
326
332
336
332
332
330
326
328
333
338
333
325
331
343
338
329
331
334
336
339
341
328
324
340
351
340
330
328
333
338
336
329
340
344
336
339
342
345
332
331
342
340
334
336
335
336
339
344
340
334
334
337
342
335
336
345
346
343
340
338
340
342
342
334
333
344
350
346
334
332
346
346
340
344
350
345
335
338
343
340
339
346
350
341
334
344
353
347
337
342
346
343
345
344
349
344
338
340
345
346
345
341
340
345
351
348
341
339
348
352
346
346
343
340
344
348
345
345
341
340
345
348
347
342
346
347
343
342
352
356
349
341
343
339
345
350
353
342
336
352
358
354
350
357
350
335
339
349
349
344
338
344
355
355
353
349
353
344
341
352
349
348
352
350
350
350
353
357
353
344
350
360
353
352
363
362
353
351
354
362
362
360
361
359
360
361
361
361
356
356
364
363
353
357
359
351
354
364
361
355
356
362
363
362
368
375
365
365
374
374
373
359
354
351
355
362
372
372
355
355
361
364
362
363
365
368
366
361
360
363
369
372
371
365
365
367
362
361
363
366
371
365
364
361
361
366
371
362
357
358
361
361
358
355
360
368
365
359
363
366
363
362
364
363
354
355
360
359
359
357
361
357
355
357
363
359
355
355
355
355
354
352
364
364
353
354
353
353
353
354
352
351
350
354
349
346
347
352
351
358
367
363
350
342
346
352
346
343
340
339
341
344
346
347
348
353
354
345
338
347
349
351
347
338
337
339
338
342
346
342
343
349
340
334
332
342
354
346
335
335
337
334
336
341
340
333
332
336
336
330
330
335
338
341
338
334
334
332
329
325
326
325
327
329
326
326
336
332
326
327
332
330
324
330
339
330
321
317
321
320
321
326
331
332
325
322
330
329
317
321
327
322
321
328
326
319
320
328
326
319
323
330
326
324
330
329
321
318
322
324
321
317