326
322
322
326
328
324
327
331
328
325
330
328
318
316
325
334
334
328
328
329
324
324
332
336
331
328
329
335
330
329
336
328
321
326
335
335
332
328
330
325
323
327
333
331
330
337
333
327
328
329
334
335
333
334
324
322
328
333
332
331
335
339
334
334
329
333
337
336
331
331
333
337
333
331
332
332
337
339
331
329
336
340
342
345
336
328
324
330
338
337
336
336
336
336
336
342
342
336
333
340
343
337
336
333
336
336
337
344
340
333
336
342
339
334
340
346
337
333
337
342
341
338
341
344
338
340
349
341
338
343
346
342
337
340
343
343
338
341
345
344
338
346
351
341
340
343
347
345
344
347
353
343
338
346
345
345
342
346
343
342
346
355
347
346
352
353
344
342
352
348
345
348
350
352
348
349
353
347
351
352
350
347
344
348
356
353
342
347
355
352
345
350
357
355
350
356
357
346
342
347
353
347
348
354
351
344
349
359
357
354
352
353
351
346
349
354
351
344
352
363
356
348
350
352
349
346
354
355
348
350
356
359
347
339
340
358
364
343
340
361
362
357
371
350
336
346
338
336
338
353
332
322
329
345
345
360
342
325
300
291
318
343
336
317
311
318
320
330
330
313
342
317
329
331
324
349
339
322
333
341
329
321
344
337
349
340
347
352
340
336
335
297
310
353
348
330
332
348
334
328
323
333
328
334
336
352
351
347
328
321
356
367
346
318
338
354
347
339
346
346
341
337
342
344
345
341
356
356
336
338
357
349
338
341
337
346
358
351
340
337
347
355
355
352
337
344
359
359
344
340
330
343
371
363
343
340
351
358
350
336
345
349
358
340
341
354
355
342
347
355
347
346
358
354
342
336
357
352
342
348
349
347
346
348
346
348
350
352
350
347
348
346
343
342
348
356
355
337
340
359
344
352
353
350
342
343
344
357
349
343
351
359
350
339
345
344
339
352
360
346
345
348
351
341
347
355
359
351
345
342
340
333
345
358
358
343
342
349
351
347
344
347
342
342
351
356
345
338
339
349
355
351
340
343
342
344
352
352
334
330
352
355
342
334
339
354
350
342
351
347
338
339
341
343
340
343
350
348
343
340
343
352
349
348
346
348
343
340
340
344
349
339
348
338
351
355
339
339
341