343
340
337
345
348
342
341
344
340
340
344
343
339
339
343
344
340
342
344
341
340
337
343
347
345
339
341
347
341
338
344
349
346
338
342
346
344
344
341
338
337
345
347
344
340
346
344
342
345
345
343
342
346
349
346
341
341
347
347
340
344
349
347
342
346
347
346
346
350
350
343
342
346
344
342
340
346
346
341
344
351
346
337
340
344
341
338
341
343
343
346
346
345
338
341
343
345
342
337
340
345
339
339
344
344
342
343
345
341
339
342
345
339
336
343
346
343
339
342
346
343
340
345
352
345
336
344
348
341
340
345
347
338
338
343
342
339
345
352
344
342
344
347
337
335
346
356
340
332
342
345
340
336
342
343
343
343
342
335
334
346
348
339
338
343
346
342
339
342
344
346
347
344
342
341
338
341
344
345
339
341
345
338
338
348
344
340
339
346
345
334
340
348
341
336
342
340
332
337
350
348
337
339
349
345
336
338
349
344
335
340
345
343
340
341
340
337
338
347
351
344
335
337
340
339
341
342
341
332
335
349
347
340
338
340
347
344
344
323
335
349
358
348
325
352
366
347
324
336
329
341
334
330
348
326
315
331
332
323
302
343
356
331
315
311
329
336
331
335
322
338
348
344
317
336
354
341
306
322
338
337
339
329
324
340
363
347
316
327
351
345
348
338
331
328
340
353
337
328
350
358
337
333
348
352
336
335
349
350
346
346
353
346
344
351
349
337
349
359
352
342
342
366
363
353
344
339
345
364
357
352
348
346
353
356
347
344
358
363
355
338
353
356
353
347
350
361
357
352
344
346
356
348
351
358
357
347
346
356
354
349
350
346
342
352
357
353
350
349
352
345
344
349
353
347
346
351
352
346
350
352
343
337
345
352
348
338
336
358
351
338
347
346
338
339
344
340
327
344
346
346
338
336
344
342
326
326
349
349
335
336
339
333
335
337
337
332
335
332
333
331
336
341
332
318
320
335
340
336
334
345
356
338
319
322
324
326
336
333
332
333
322
322
331
333
329
326
327
327
330
330
325
327
340
337
317
323
333
321
319
325
329
329
322
325
332
329
328
321
328
325
325
329
328
323
318
326
327
324
326
332
327
320
321
320
320
323
330
330
322
320
328
326
324
326
326
328
328
322