372
362
360
362
358
360
374
377
362
358
360
363
361
370
378
368
352
354
366
365
364
366
362
360
361
361
369
365
360
369
379
370
358
360
364
363
362
363
376
374
360
358
360
358
355
359
360
359
362
365
362
356
364
373
366
353
355
364
367
364
351
346
348
358
364
356
347
352
357
352
346
350
359
359
354
345
349
354
354
348
347
343
344
347
347
342
346
356
349
343
349
346
334
334
347
352
339
326
341
352
338
327
330
337
338
342
346
338
328
332
340
334
329
341
333
327
331
334
328
326
330
326
325
325
325
332
332
326
323
323
327
320
319
324
329
319
320
316
322
319
317
320
320
315
308
316
320
318
320
318
313
307
313
323
315
307
310
314
306
306
314
314
308
306
311
313
312
309
319
316
304
310
312
303
303
307
310
309
309
314
312
305
305
309
312
314
315
309
306
307
314
306
301
301
308
314
315
310
310
314
313
318
317
307
307
310
315
320
308
306
314
319
313
313
315
316
314
312
323
326
311
310
313
314
316
327
328
314
307
317
324
317
314
322
323
318
315
322
320
315
322
324
328
322
316
324
323
319
324
331
324
324
320
322
321
319
325
330
333
329
324
321
320
327
335
336
332
327
324
323
320
326
332
333
328
328
330
326
328
329
329
329
330
334
332
325
334
334
327
327
332
340
333
329
332
335
331
331
335
334
332
326
326
332
337
330
333
336
331
332
337
341
338
335
332
333
334
335
333
328
332
338
337
335
328
330
338
338
332
335
338
335
332
337
346
343
330
330
334
328
331
335
338
336
339
340
337
338
340
337
332
338
343
337
332
332
338
338
333
332
336
337
333
332
338
342
338
335
337
336
334
343
339
333
330
335
341
344
336
334
338
336
336
342
344
336
337
342
339
338
342
342
330
332
341
343
341
339
341
340
338
341
340
338
334
336
340
341
340
338
336
338
336
338
343
343
341
344
342
340
343
348
344
334
336
346
346
338
335
340
344
341
337
347
350
340
339
342
345
343
354
344
335
331
337
345
344
343
343
343
342
343
342
343
335
343
347
342
334
339
346
346
338
338
345
348
340
344
346
344
341
342
342
342
344
350
347
336
337
347
348
344
335
346
346
343
341
344
342
340
344
346
348
348
341
340
337
344
348