306
314
314
308
306
311
313
312
309
319
316
304
310
312
303
303
307
310
309
309
314
312
305
305
309
312
314
315
309
306
307
314
306
301
301
308
314
315
310
310
314
313
318
317
307
307
310
315
320
308
306
314
319
313
313
315
316
314
312
323
326
311
310
313
314
316
327
328
314
307
317
324
317
314
322
323
318
315
322
320
315
322
324
328
322
316
324
323
319
324
331
324
324
320
322
321
319
325
330
333
329
324
321
320
327
335
336
332
327
324
323
320
326
332
333
328
328
330
326
328
329
329
329
330
334
332
325
334
334
327
327
332
340
333
329
332
335
331
331
335
334
332
326
326
332
337
330
333
336
331
332
337
341
338
335
332
333
334
335
333
328
332
338
337
335
328
330
338
338
332
335
338
335
332
337
346
343
330
330
334
328
331
335
338
336
339
340
337
338
340
337
332
338
343
337
332
332
338
338
333
332
336
337
333
332
338
342
338
335
337
336
334
343
339
333
330
335
341
344
336
334
338
336
336
342
344
336
337
342
339
338
342
342
330
332
341
343
341
339
341
340
338
341
340
338
334
336
340
341
340
338
336
338
336
338
343
343
341
344
342
340
343
348
344
334
336
346
346
338
335
340
344
341
337
347
350
340
339
342
345
343
354
344
335
331
337
345
344
343
343
343
342
343
342
343
335
343
347
342
334
339
346
346
338
338
345
348
340
344
346
344
341
342
342
342
344
350
347
336
337
347
348
344
335
346
346
343
341
344
342
340
344
346
348
348
341
340
337
344
348
344
339
341
347
348
344
337
340
344
344
342
342
342
340
348
355
348
331
337
351
354
345
329
349
356
345
347
357
359
332
326
350
332
354
382
330
329
348
318
289
322
328
335
313
315
328
306
326
349
314
273
316
351
344
319
298
297
357
344
321
300
346
360
316
316
353
322
295
320
347
363
328
298
342
340
331
335
328
320
343
350
344
327
348
353
349
338
333
333
335
341
341
345
344
338
353
348
347
344
342
347
350
341
348
351
348
357
357
345
348
336
349
338
341
360
356
346
355
349
358
359
340
350
348
346
352
353
356
338
345
358
364
354
352
348
352
354
359
357
355
343
347
362
358
348
348
348
360
345
350
360
350
347
352
360
354
354
350
344