347
350
348
349
345
344
344
351
354
352
342
345
354
350
347
349
346
342
346
345
347
344
340
345
352
349
345
350
346
340
348
350
345
339
342
343
344
351
348
341
337
336
340
343
344
342
344
346
343
336
341
345
340
345
351
343
334
338
345
345
345
337
339
340
336
341
348
343
340
343
346
343
335
334
338
343
340
339
340
336
340
349
348
337
336
344
337
329
336
342
342
334
336
339
338
341
345
340
333
333
338
341
339
340
344
339
333
335
340
344
340
343
340
336
334
340
342
337
336
339
344
338
335
338
339
338
336
341
347
343
336
344
339
329
330
338
339
334
337
343
344
341
340
338
338
338
334
336
334
336
346
344
333
337
340
342
338
336
340
347
346
338
339
344
339
332
337
336
336
343
343
336
338
347
346
337
337
344
343
334
332
339
344
345
344
344
340
337
340
346
348
341
340
343
334
332
342
347
342
342
336
333
335
340
347
346
338
338
343
339
337
342
348
342
341
341
337
335
336
343
346
338
333
339
346
344
343
347
343
333
338
346
345
339
345
346
345
337
336
340
341
341
343
342
342
344
349
341
339
341
345
343
335
338
345
346
338
337
342
348
345
345
344
341
338
340
345
342
340
343
344
342
344
352
348
334
337
349
354
339
331
338
343
340
345
348
342
338
341
346
344
340
348
349
336
334
340
346
345
342
343
343
340
340
342
346
345
341
344
344
340
340
346
345
341
344
345
339
340
350
353
342
333
339
342
338
341
349
351
342
339
341
341
347
344
343
341
340
346
347
344
341
339
344
344
342
344
346
341
343
349
345
342
350
344
342
343
343
343
342
342
342
348
347
342
344
346
342
344
351
344
336
339
346
352
349
342
340
342
344
348
355
348
338
343
351
354
347
345
342
341
344
351
353
348
342
347
348
347
347
350
349
344
345
343
346
344
342
352
349
343
346
347
340
337
342
347
347
345
345
347
344
338
345
346
344
344
348
346
345
348
350
340
338
344
347
342
337
342
348
349
343
339
343
345
340
342
344
339
340
343
341
339
346
350
337
331
336
344
342
336
339
344
340
334
342
344
337
333
334
336
336
337
336
337
336
335
336
336
333
337
336
333
333
335
331
332
331
332
333
334
335
332
330
327
329
344
341
326