344
344
340
340
346
345
341
344
345
339
340
350
353
342
333
339
342
338
341
349
351
342
339
341
341
347
344
343
341
340
346
347
344
341
339
344
344
342
344
346
341
343
349
345
342
350
344
342
343
343
343
342
342
342
348
347
342
344
346
342
344
351
344
336
339
346
352
349
342
340
342
344
348
355
348
338
343
351
354
347
345
342
341
344
351
353
348
342
347
348
347
347
350
349
344
345
343
346
344
342
352
349
343
346
347
340
337
342
347
347
345
345
347
344
338
345
346
344
344
348
346
345
348
350
340
338
344
347
342
337
342
348
349
343
339
343
345
340
342
344
339
340
343
341
339
346
350
337
331
336
344
342
336
339
344
340
334
342
344
337
333
334
336
336
337
336
337
336
335
336
336
333
337
336
333
333
335
331
332
331
332
333
334
335
332
330
327
329
344
341
326
325
333
337
327
325
334
335
330
330
331
329
329
332
332
333
330
332
333
328
323
328
330
327
327
333
331
329
328
333
325
321
327
334
335
324
321
327
328
327
330
328
325
324
329
334
330
323
332
331
323
323
332
336
330
325
334
330
324
332
341
330
323
326
330
330
328
329
331
328
326
331
331
325
329
336
333
326
327
332
332
330
329
334
331
328
333
332
328
331
335
335
333
332
337
334
326
329
332
336
333
331
333
330
328
336
341
338
333
334
339
335
331
332
337
338
332
336
340
330
329
335
342
339
337
338
332
334
340
342
335
336
340
344
342
335
332
339
337
338
337
336
337
335
347
348
339
332
339
342
337
338
339
334
336
338
341
341
336
340
342
339
340
340
340
338
337
341
347
340
339
353
342
329
338
354
353
334
334
346
348
335
337
344
346
351
342
334
335
338
340
346
344
338
338
345
350
344
345
340
340
346
350
346
339
343
350
347
337
344
354
347
342
348
348
342
341
346
352
347
345
351
355
353
350
349
347
345
350
356
352
342
343
350
355
349
347
348
347
352
354
352
344
346
350
348
349
355
363
351
328
331
358
356
342
338
352
363
360
350
332
324
324
336
346
343
350
345
344
329
314
336
324
318
315
327
311
290
300
342
352
316
304
308
358
348
323
334
327
288
271
349
365
323
274
319
327
342
360
344
307
310
349
342
327
306
301
326
333