328
328
330
326
328
329
329
329
330
334
332
325
334
334
327
327
332
340
333
329
332
335
331
331
335
334
332
326
326
332
337
330
333
336
331
332
337
341
338
335
332
333
334
335
333
328
332
338
337
335
328
330
338
338
332
335
338
335
332
337
346
343
330
330
334
328
331
335
338
336
339
340
337
338
340
337
332
338
343
337
332
332
338
338
333
332
336
337
333
332
338
342
338
335
337
336
334
343
339
333
330
335
341
344
336
334
338
336
336
342
344
336
337
342
339
338
342
342
330
332
341
343
341
339
341
340
338
341
340
338
334
336
340
341
340
338
336
338
336
338
343
343
341
344
342
340
343
348
344
334
336
346
346
338
335
340
344
341
337
347
350
340
339
342
345
343
354
344
335
331
337
345
344
343
343
343
342
343
342
343
335
343
347
342
334
339
346
346
338
338
345
348
340
344
346
344
341
342
342
342
344
350
347
336
337
347
348
344
335
346
346
343
341
344
342
340
344
346
348
348
341
340
337
344
348
344
339
341
347
348
344
337
340
344
344
342
342
342
340
348
355
348
331
337
351
354
345
329
349
356
345
347
357
359
332
326
350
332
354
382
330
329
348
318
289
322
328
335
313
315
328
306
326
349
314
273
316
351
344
319
298
297
357
344
321
300
346
360
316
316
353
322
295
320
347
363
328
298
342
340
331
335
328
320
343
350
344
327
348
353
349
338
333
333
335
341
341
345
344
338
353
348
347
344
342
347
350
341
348
351
348
357
357
345
348
336
349
338
341
360
356
346
355
349
358
359
340
350
348
346
352
353
356
338
345
358
364
354
352
348
352
354
359
357
355
343
347
362
358
348
348
348
360
345
350
360
350
347
352
360
354
354
350
344
344
353
368
354
333
350
366
361
342
331
341
371
370
355
352
340
344
362
351
346
351
361
360
333
331
364
368
360
348
350
350
344
331
351
366
357
355
345
341
345
357
360
351
359
352
354
346
342
343
344
358
362
355
346
347
351
350
341
351
351
361
349
339
346
362
354
336
342
349
351
339
352
356
347
343
346
352
345
351
355
355
349
344
336
342
347
356
356
340
349
356
351
347
351
341
350
349
342
351
354
339
343
353
343
342
352
357
350
343
336
348
362
353
349
340