346
348
352
346
347
348
346
345
346
348
347
344
345
352
354
342
343
346
345
342
344
348
346
344
345
347
347
340
349
352
342
339
346
353
343
336
342
348
345
345
350
351
345
343
344
346
345
343
349
346
342
350
353
343
338
346
346
345
345
345
346
344
344
348
350
346
346
347
345
343
346
350
349
342
345
346
343
342
349
352
340
338
344
345
343
344
344
344
343
345
349
345
343
345
346
344
340
343
348
349
343
341
344
344
342
344
350
350
342
339
344
346
343
346
349
343
344
343
343
340
337
344
345
342
343
348
346
340
343
344
339
342
348
345
337
336
340
343
340
342
343
343
340
342
342
338
338
342
346
344
340
340
345
343
339
341
345
345
343
344
348
344
337
341
347
341
336
342
344
344
345
344
342
341
350
345
340
338
344
348
343
339
342
344
344
344
347
346
342
340
343
344
342
343
344
342
341
342
345
345
343
342
343
340
340
348
350
342
338
341
348
346
339
341
344
344
342
341
339
340
345
350
349
337
338
346
347
347
346
337
334
338
344
348
344
339
344
344
341
342
346
342
339
346
345
342
344
342
342
338
336
342
347
341
337
341
345
343
342
348
346
339
341
344
347
346
340
342
346
343
338
339
341
339
342
345
344
340
344
346
340
340
348
349
342
338
347
349
345
338
340
341
336
340
342
339
339
348
349
340
336
344
345
340
340
346
351
341
338
342
340
337
339
343
343
339
341
343
342
343
342
342
344
343
341
338
339
343
342
344
340
337
340
343
340
341
345
345
336
342
348
340
335
338
342
340
342
342
342
338
338
344
348
342
334
338
339
340
342
346
347
345
335
334
338
333
342
346
362
347
320
312
333
338
337
328
317
315
324
321
312
345
330
300
305
312
330
329
314
330
322
322
321
329
340
326
321
312
314
311
324
349
343
327
327
338
345
330
312
327
328
313
308
332
345
336
324
323
331
331
333
343
334
319
332
345
339
332
323
335
343
342
347
339
330
329
347
351
340
335
334
340
342
340
330
343
347
345
336
334
330
346
350
337
331
346
357
338
332
332
337
339
341
342
339
341
350
340
337
343
347
347
342
344
336
339
342
340
336
342
352
339
342
344
340
340
339
345
348
341
346
344
337
345
349
344
340
343
347