302
299
296
300
306
309
308
306
307
306
305
306
308
303
304
311
314
310
309
311
311
311
318
320
312
305
305
313
317
317
317
318
317
318
317
316
314
314
320
328
325
315
317
325
319
317
326
323
320
323
324
321
319
325
330
323
320
323
330
329
326
328
331
328
326
329
331
325
328
334
329
323
325
331
333
329
328
330
332
332
335
339
337
328
330
334
336
333
336
338
334
332
337
336
334
334
335
340
338
338
342
339
333
336
342
341
336
338
346
345
343
348
347
340
336
345
347
343
338
337
342
344
345
345
343
339
341
350
352
340
336
344
348
345
343
347
348
346
344
347
345
342
348
350
346
343
347
351
349
345
349
352
350
346
351
351
348
347
349
346
341
346
354
350
345
349
352
346
344
350
355
351
346
351
351
348
347
352
352
350
351
353
350
349
353
350
347
348
353
352
348
348
352
354
348
348
350
351
352
353
353
347
345
347
354
350
347
352
355
354
349
351
354
351
351
351
352
351
346
349
354
352
350
351
352
346
345
353
352
350
352
350
354
345
348
353
351
349
352
353
350
349
351
354
351
350
354
359
350
343
347
350
347
348
349
346
346
353
354
350
347
350
353
351
349
348
354
354
350
347
350
351
351
353
353
350
349
355
354
347
349
349
349
348
353
357
349
346
351
351
350
350
348
349
352
352
354
353
347
347
352
348
349
354
353
347
345
353
358
350
343
349
353
351
351
349
346
347
351
349
350
346
346
350
351
346
348
351
349
346
348
352
346
347
348
346
345
346
348
347
344
345
352
354
342
343
346
345
342
344
348
346
344
345
347
347
340
349
352
342
339
346
353
343
336
342
348
345
345
350
351
345
343
344
346
345
343
349
346
342
350
353
343
338
346
346
345
345
345
346
344
344
348
350
346
346
347
345
343
346
350
349
342
345
346
343
342
349
352
340
338
344
345
343
344
344
344
343
345
349
345
343
345
346
344
340
343
348
349
343
341
344
344
342
344
350
350
342
339
344
346
343
346
349
343
344
343
343
340
337
344
345
342
343
348
346
340
343
344
339
342
348
345
337
336
340
343
340
342
343
343
340
342
342
338
338
342
346
344
340
340
345
343
339
341
345
345
343
344
348
344
337
341
347
341
336
342
344
344