335
338
341
337
331
338
339
334
341
341
337
334
341
345
339
333
336
342
341
335
338
341
336
333
342
340
334
337
338
336
332
341
347
339
326
331
341
337
334
339
342
333
330
341
347
336
336
341
333
329
340
340
335
332
335
344
342
332
336
342
340
335
335
342
335
332
341
345
339
333
336
342
331
334
338
341
333
334
342
341
338
338
338
340
330
331
340
337
331
336
340
332
326
341
344
330
329
338
338
331
334
340
334
332
335
341
333
328
338
346
335
328
339
346
339
333
341
345
342
332
338
344
342
335
340
337
328
338
346
336
332
334
338
335
334
338
345
334
331
341
343
342
333
342
339
333
335
346
341
334
335
348
342
332
336
343
341
335
339
345
340
330
336
344
339
332
336
336
333
330
339
345
335
334
338
337
334
338
347
341
329
332
344
341
333
337
347
340
334
340
340
344
338
343
342
334
334
339
336
332
338
348
337
334
338
335
334
332
340
342
338
334
341
338
331
333
346
341
333
333
340
338
337
336
343
338
331
337
349
339
328
337
345
337
331
340
344
336
332
341
341
330
332
342
340
331
334
344
336
330
335
344
340
334
344
351
340
334
349
346
335
331
342
339
331
329
339
341
339
333
339
339
334
338
348
340
330
334
344
336
330
336
342
331
333
341
338
333
333
342
338
334
335
339
338
333
339
348
339
329
336
342
338
335
340
343
338
332
338
342
332
333
342
337
331
332
341
342
333
334
343
339
333
337
341
340
336
344
343
334
332
339
346
338
332
339
344
334
336
347
346
332
338
348
340
331
337
347
346
331
336
345
336
332
343
346
335
331
341
344
336
337
344
347
334
331
344
344
332
334
340
332
332
339
343
337
335
341
341
335
334
341
344
332
332
338
340
334
338
345
341
331
334
344
344
332
337
342
334
334
338
340
332
328
339
343
336
335
337
337
335
339
346
336
327
333
341
339
331
336
344
338
335
339
340
338
336
339
344
334
334
340
337
331
334
340
343
332
333
343
338
330
338
344
337
330
335
342
335
333
340
340
336
336
343
345
341
335
340
338
334
343
342
334
331
341
344
343
358
362
340
356
513
655
650
650
657
657
607
338
365
423
298
272
326
304
228
367
432
382
317
211
315
327
369
370
345
390
260
259
347
334
282
307
313
302
302
316
327
319
304
306
339
340
317
324
316
343
314
294
281
288
298
331
392
317
264
278
293
304
314
285
297
316
311
319
320
305
306
334
349
309
316
317
306
323
349
358
322
315
314
329
326
320
344
335
336
317
326
332
331
331
338
337
327
329
336
329
327
327
335
331
325
334
333
328
327
336
333
324
331
336
332
324
333
349
336
318
324
335
330
323
331
335
324
326
333
328
325
328
334
330
329
327
334
326
320
328
335
335
333
330
323
318
322
333
336
330
327
342
338
320
319
332
334
327
330
338
335
331
339
335
324
317
327
338
334
327
331
335
332
326
328
334
327
329
337
339
330
324
336
332
322
327
341
341
325
326
334
332
326
334
337
332
332
332
331
326
328
344
345
325
332
346
329
319
330
338
334
329
336
342
335
329
340
358
332
317
328
336
332
333
340
353
332
322
333
338
332
335
343
340
334
348
349
329
321
335
342
335
333
341
342
330
333
340
338
332
332
340
344
332
335
349
332
325
331
341
337
331
337
344
340
335
339
336
328
333
340
342
332
336
345
340
332
335
340
340
334
339
354
342
334
334
340
337
335
342
343
333
338
343
344
338
339
339
337
336
337
344
342
332
338
351
343
332
337
344
340
335
345
352
343
328
334
345
341
337
338
340
337
337
342
341
339
344
346
337
333
341
345
335
328
341
348
338
337
343
341
336
337
342
339
334
338
351
344
330
331
344
340
332
334
343
339
338
345
339
334
335
342
340
334
335
342
341
337
338
346
342
342
334
343
338
332
339
346
343
337
342
338
332
330
342
345
338
342
347
345
328
325
339
342
335
339
350
345
333
334
337
334
333
343
346
339
337
340
343
335
334
343
343
336
342
350
339
330
328
338
337
333
338
343
338
334
338
339
336
329
336
342
335
332
345
344
330
332
339
337
333
340
344
340
330
332
344
341
332
339
343
333
329
344
346
337
329
335
342
334
330
338
341
336
337
345
341
330
336
342
339
338
337
345
332
328
339
346
338
335
344
343
330
329
336
340
337
336
343
341
335
339
341
335
328
340
349
339
330
336
346
337
329
334
341
337
334
343
346
334
329
340
343
334
336
343
338
337
341
344
332
328
338
338
330
329
338
343
337
336