338
330
336
329
323
329
334
335
329
329
334
337
334
334
336
334
329
334
337
330
327
337
345
333
328
335
339
339
339
340
336
328
332
340
342
334
335
339
336
338
337
335
328
329
335
331
325
330
341
338
329
329
343
345
333
332
336
332
322
327
342
341
328
328
341
336
330
335
338
328
327
338
335
325
328
337
339
334
330
337
333
332
330
336
332
327
333
339
335
330
336
341
330
327
339
343
335
325
335
339
333
335
343
338
331
336
345
339
333
337
342
334
331
337
341
336
334
338
338
332
333
342
348
329
331
340
336
333
339
341
335
332
336
344
338
332
340
344
335
330
343
349
332
328
339
342
335
336
342
338
332
337
346
340
331
333
340
336
334
344
342
332
331
343
338
330
331
342
344
339
335
341
339
334
335
340
342
336
333
338
336
334
343
344
334
332
340
348
337
331
339
340
336
337
344
342
331
336
343
340
333
337
342
338
338
343
343
332
335
342
345
336
335
343
342
337
334
340
339
336
335
341
338
334
334
340
338
333
340
339
335
332
339
341
334
332
340
343
336
332
340
342
339
337
338
338
333
337
344
340
332
341
341
334
336
337
336
333
332
342
345
333
332
340
345
333
332
343
338
329
334
342
343
332
334
341
337
334
341
345
340
333
337
341
338
335
339
343
335
334
341
340
335
335
345
344
332
331
341
337
334
341
346
336
332
342
346
340
340
338
337
334
336
344
341
336
338
343
336
331
338
346
345
331
338
342
335
331
339
342
335
334
342
344
337
335
342
341
334
338
345
342
333
336
346
344
336
336
343
336
333
342
343
335
331
336
340
338
336
341
344
332
335
344
344
335
336
342
339
334
338
347
345
331
334
344
336
333
340
340
334
334
343
341
332
336
344
341
334
340
342
336
331
335
342
334
329
338
341
334
337
342
340
331
335
342
340
331
334
344
339
333
337
343
341
333
337
346
340
332
334
340
335
336
342
341
336
332
340
340
342
340
336
334
328
333
343
339
336
359
371
359
369
392
425
394
337
339
355
339
335
382
353
323
349
401
351
281
321
343
346
381
334
332
334
339
344
339
336
326
339
348
350
331
326
344
343
335
342
348
333
335
352
357
342
329
347
330
326
347
351
329
322
341
336
330
331
326
331
335
330
333
336
332
330
334
339
337
331
334
333
331
336
344
338
323
333
341
330
331
342
338
329
333
340
337
333
334
342
336
326
330
339
339
328
333
340
332
334
332
335
328
330
336
335
329
332
339
338
330
332
344
334
324
332
341
338
336
330
336
335
333
333
338
329
328
338
339
332
329
335
337
328
333
341
337
333
329
338
334
328
331
336
334
330
336
341
329
326
346
339
324
330
337
335
328
333
337
335
330
335
338
336
326
331
339
336
330
337
337
330
326
336
341
334
327
336
335
334
331
334
332
328
334
338
336
335
334
336
331
326
333
340
338
330
333
333
327
330
341
337
330
334
344
337
320
324
337
336
328
337
341
336
328
329
335
332
329
336
340
337
341
340
328
325
330
340
338
330
333
342
346
331
328
336
334
329
336
343
339
333
339
340
333
330
339
342
337
336
345
339
329
332
339
338
332
336
344
344
336
332
341
335
329
337
343
337
332
339
344
336
335
342
341
333
336
346
349
330
330
344
336
330
338
344
336
332
340
344
342
336
338
338
332
337
341
340
336
333
338
337
333
336
347
341
331
332
340
336
333
338
343
336
337
345
340
326
328
339
339
332
335
345
348
331
333
341
338
332
338
344
341
340
339
344
336
333
339
342
336
336
345
344
334
337
344
341
330
333
344
345
351
337
341
335
329
337
345
339
336
339
340
336
334
340
341
337
337
348
344
328
330
343
341
334
342
350
339
331
343
347
336
332
339
344
339
336
347
342
337
336
340
340
333
336
346
342
332
336
343
339
331
338
343
340
333
340
346
342
332
336
339
333
333
343
342
335
338
342
342
336
337
343
339
334
344
348
337
328
336
339
334
333
342
341
336
335
342
344
337
334
341
343
339
335
341
338
334
336
344
338
334
342
345
335
332
339
341
337
336
342
342
340
339
344
339
334
338
345
340
332
340
343
335
332
344
343
332
329
340
343
341
338
340
343
334
334
342
342
340
338
342
338
332
338
346
338
332
340
346
337
334
341
344
340
335
338
341
332
333
344
343
336
339
344
342
338
335
339
336
333
341
345
341
332
338
341
335
333
341
345
342
335
338
339
333
334
343
340
336
341
349
336
329
337
342
337
334
340
344
340
335
338
340
335
333
338
340
334