336
338
343
343
332
337
345
341
334
337
343
340
332
339
348
339
330
339
345
339
342
342
341
333
337
345
344
335
336
344
340
335
343
355
340
327
337
346
340
335
342
345
337
336
343
344
339
340
349
348
336
340
349
342
334
340
346
340
334
342
348
344
339
343
346
340
340
341
342
336
342
344
340
336
340
348
348
334
336
346
343
338
342
348
344
340
344
345
340
341
346
344
340
339
344
345
336
339
347
346
340
340
347
342
337
344
348
345
341
347
348
339
337
348
350
340
338
345
345
340
342
346
341
335
341
345
341
336
343
346
340
334
342
344
338
336
345
345
338
336
341
342
332
336
346
341
334
339
343
339
335
342
348
339
333
341
347
338
332
338
342
339
335
339
341
337
338
347
341
332
337
345
342
336
347
344
335
333
341
349
339
333
339
343
336
334
343
341
337
338
340
338
332
340
348
337
331
337
345
339
335
340
346
341
336
338
343
338
337
343
341
330
332
343
340
336
338
344
342
338
340
346
340
337
342
341
336
336
341
342
336
338
346
342
336
340
345
345
335
337
345
341
338
345
346
333
330
343
346
336
332
342
346
338
336
344
343
338
342
347
339
332
336
345
340
337
337
343
340
336
341
343
341
335
343
342
332
332
343
344
333
335
345
340
334
337
345
342
330
335
344
340
334
342
340
334
331
339
343
336
333
340
342
334
334
338
339
331
334
344
342
328
333
341
338
335
340
341
338
336
341
344
336
331
340
345
338
338
344
342
337
336
340
336
330
337
346
340
333
342
343
336
334
342
346
341
338
338
340
337
336
343
347
335
333
340
340
334
338
345
345
337
341
340
333
332
341
349
340
336
341
345
338
332
338
342
338
336
342
337
332
346
344
330
323
333
343
336
330
328
340
334
336
333
333
314
329
346
344
328
316
328
330
323
315
333
328
315
308
333
342
323
331
330
314
316
325
319
309
323
345
335
323
316
317
325
325
332
336
338
329
324
331
328
340
350
350
343
334
317
333
347
349
328
313
318
331
344
350
360
376
368
386
341
305
350
339
334
334
333
338
386
371
338
323
335
361
355
354
349
357
358
342
357
358
343
339
358
359
343
343
354
368
345
337
354
359
342
348
345
349
344
349
356
350
345
339
346
348
346
350
346
345
351
344
346
334
333
346
351
348
339
346
343
339
340
344
344
344
342
354
344
325
334
347
344
332
339
349
349
330
334
340
337
335
342
344
336
334
340
339
333
339
343
344
344
336
334
333
330
336
344
340
335
339
345
342
341
334
329
327
331
342
342
333
334
342
348
340
332
334
328
325
333
342
345
334
329
334
332
331
338
342
339
333
340
345
334
325
332
335
331
333
342
344
334
335
340
335
327
331
338
336
330
340
346
330
322
336
336
328
332
340
339
336
335
337
339
329
332
337
335
335
340
342
328
326
334
339
332
331
338
341
334
338
340
334
328
333
336
334
330
334
341
341
330
335
340
334
330
337
340
340
342
338
333
326
330
341
342
333
334
342
343
331
332
335
334
330
335
341
339
337
334
335
332
332
340
340
332
333
342
346
336
327
332
335
331
334
343
341
339
335
342
332
325
333
338
333
330
340
342
340
330
334
338
338
337
340
338
339
332
336
336
336
336
338
335
333
344
343
329
330
341
343
332
331
339
344
334
331
339
343
335
333
339
336
332
334
345
336
329
339
343
334
331
342
339
331
333
341
341
334
335
342
342
333
334
336
339
335
335
337
334
331
337
344
335
329
338
343
339
337
338
339
334
330
340
339
329
332
347
341
327
332
342
337
330
336
343
335
332
339
338
331
337
340
339
335
330
336
337
332
336
340
337
332
335
342
338
330
337
345
338
334
342
341
333
331
340
346
333
330
339
339
331
330
338
338
332
334
343
343
333
334
337
336
331
335
341
336
331
338
347
336
329
337
336
330
332
343
345
337
338
336
334
332
337
342
338
334
338
342
337
335
340
354
338
328
336
341
339
336
344
337
334
345
346
339
330
340
346
338
334
338
343
338
334
341
341
337
334
346
348
333
328
340
344
336
336
343
338
331
339
343
338
333
340
345
339
338
342
336
332
332
339
341
337
338
342
332
328
335
347
344
340
336
340
336
333
338
344
340
332
341
351
336
326
340
349
336
334
340
342
338
334
339
338
330
334
342
341
338
340
335
332
332
339
342
338
334
337
339
332
332
338
339
336
344
338
330
327
334
343
340
333
339
340
333
330
335
342
338
338
342
344
333
328
339
343
335
336
342
340
337
333
338
338
334