343
338
341
343
339
329
339
349
345
339
340
343
341
339
344
345
340
338
341
342
338
339
346
340
337
343
345
342
335
339
345
345
341
342
339
339
341
344
343
337
337
345
346
336
338
347
346
341
340
345
340
337
342
347
343
336
339
345
343
338
343
342
338
336
343
345
336
331
348
348
341
338
338
342
341
340
341
340
340
342
349
341
334
340
346
342
338
342
344
340
338
342
343
340
339
341
340
336
340
350
345
337
340
346
339
331
340
349
345
337
339
342
340
337
340
342
335
337
342
345
340
340
343
344
341
340
342
341
337
336
341
340
340
344
344
336
331
340
349
344
335
339
343
340
338
340
338
336
336
335
344
346
344
341
338
324
331
353
345
340
342
345
345
337
325
336
348
340
340
343
340
335
340
346
341
332
340
346
340
332
329
334
330
340
350
343
337
328
339
344
341
341
337
327
340
346
345
337
334
338
340
336
338
343
342
332
336
342
339
337
336
336
341
337
337
342
343
338
340
339
336
337
342
339
335
333
339
342
339
339
341
340
335
334
340
338
334
337
345
341
332
338
338
338
337
341
342
339
333
335
345
340
334
342
344