326
328
340
349
339
335
340
342
332
331
339
338
335
334
336
340
330
328
343
348
338
332
338
336
336
340
342
339
333
336
341
337
334
336
341
341
338
344
344
336
332
339
340
337
336
342
343
336
337
343
340
330
335
345
339
323
330
346
341
336
341
344
339
336
341
343
337
337
344
343
335
331
344
345
335
327
344
350
336
337
346
346
342
343
347
343
336
342
346
341
340
340
340
339
340
346
346
338
338
350
351
341
342
347
346
340
340
347
343
339
343
340
324
339
350
354
342
341
346
347
341
339
345
345
338
336
343
346
332
333
342
340
338
345
345
343
338
341
345
342
337
341
344
340
338
346
342
330
334
335
341
343
341
343
338
337
342
347
342
336
337
346
345
336
335
337
339
336
340
344
340
335
343
341
338
336
343
343
335
336
345
346
336
335
338
337
334
337
340
335
334
343
346
336
334
340
344
339
336
338
344
338
334
337
341
339
338
343
342
339
335
336
343
339
337
342
344
338
340
343
335
330
340
348
346
337
338
341
338
339
338
335
331
339
347
344
335
337
345
343
335
334
343
345
336
335
344
342
335
333
339
340
339
337
338