342
338
337
345
346
335
331
341
347
339
334
344
346
337
337
346
344
336
340
345
334
335
342
346
334
333
346
350
340
336
342
347
341
336
342
347
340
335
344
346
336
335
346
344
336
340
350
345
335
341
348
339
331
342
347
339
333
341
349
342
333
336
344
344
339
345
342
335
339
348
343
331
336
351
344
332
338
348
343
331
339
349
343
334
343
344
336
336
342
347
335
337
348
348
336
336
346
345
336
340
350
345
336
345
359
349
331
336
352
366
362
342
334
340
356
363
346
355
372
343
310
324
356
347
334
328
334
376
363
334
336
348
352
325
330
368
351
339
355
341
343
340
333
334
345
366
345
336
337
337
356
359
338
332
338
344
358
348
332
331
341
350
348
341
350
344
342
349
333
334
345
337
338
350
342
349
362
349
327
322
339
354
344
339
353
354
330
326
344
347
333
329
345
360
345
339
343
338
333
340
342
339
340
345
340
339
343
338
340
341
337
341
345
344
334
343
350
334
329
343
344
335
337
340
345
337
332
344
345
329
330
347
346
337
336
350
348
332
334
344
339
331
335
345
343
338
338
340
343
340
336
334
330
332
344