336
334
339
340
338
345
346
342
330
335
342
334
336
346
349
337
334
345
346
336
340
349
344
343
341
342
336
327
340
352
348
334
333
346
342
338
344
346
341
338
345
348
344
336
337
345
330
333
343
343
347
344
346
347
344
343
343
342
335
340
348
345
336
338
339
330
341
350
353
340
335
343
342
340
336
345
351
340
332
345
344
334
339
350
346
336
337
346
346
342
342
349
339
332
343
340
336
343
351
346
333
334
349
346
336
338
347
340
330
336
347
345
337
333
328
334
350
354
347
334
332
342
347
340
338
340
345
344
336
346
346
333
332
346
345
339
340
346
340
334
344
349
340
332
344
347
334
333
337
339
340
338
341
348
343
338
342
346
338
336
345
341
341
344
348
336
334
342
350
341
328
336
351
351
333
334
333
342
347
351
344
338
340
346
342
337
338
341
334
331
344
350
337
334
341
348
343
336
340
340
340
338
341
340
338
336
348
336
334
342
348
345
338
340
346
344
334
338
348
344
335
336
344
342
337
341
344
343
341
348
350
338
336
346
346
341
342
349
346
338
335
347
344
337
338
341
342
338
340
347
346
344
348
347
332