343
339
344
340
336
340
346
341
331
329
348
352
342
339
343
341
331
342
355
351
333
329
344
340
340
346
334
335
340
352
348
337
333
330
333
338
347
359
348
335
334
347
344
337
334
345
350
330
334
352
354
334
337
339
339
335
342
350
350
343
341
341
344
339
349
348
337
347
357
331
324
341
351
349
342
332
338
336
341
355
360
346
338
348
345
337
340
347
345
336
340
337
338
345
347
356
348
338
344
353
351
340
340
346
344
331
322
336
350
349
349
338
344
347
345
342
337
342
351
342
334
334
346
350
334
336
348
345
340
346
346
340
339
341
342
342
343
342
340
331
337
355
346
342
343
348
339
336
343
346
341
336
341
345
341
335
341
348
348
346
346
340
338
343
346
349
338
336
343
344
337
342
349
342
338
344
343
338
334
344
345
341
335
338
350
346
342
343
342
340
341
337
343
342
344
343
336
338
342
340
341
342
346
343
342
336
344
351
346
340
340
346
339
338
338
343
343
333
339
342
332
341
348
347
341
339
337
333
334
344
346
337
333
345
347
336
339
350
351
338
328
339
342
337
339
351
347
338
338
347
340
338
345
350
337