344
344
342
344
348
346
345
348
345
338
338
352
357
342
336
345
347
342
341
350
350
339
343
348
343
331
331
362
361
339
342
347
346
344
349
350
345
342
342
349
361
372
358
339
337
347
362
357
355
361
362
367
370
359
375
375
348
341
342
352
364
356
341
340
353
372
368
342
328
350
367
371
354
343
340
340
352
375
367
342
338
353
352
334
340
388
370
333
333
345
343
337
350
372
360
338
330
342
352
366
365
342
323
342
380
370
327
329
340
346
344
338
334
332
338
349
365
357
329
328
355
357
335
325
336
341
334
343
352
347
336
338
335
329
344
358
350
330
334
368
346
316
319
332
338
339
338
333
337
344
339
338
332
333
346
355
327
323
336
338
333
329
333
344
337
330
338
334
329
341
349
343
338
338
332
326
324
328
337
340
337
336
338
330
336
340
334
327
330
339
337
333
349
344
324
322
338
341
329
330
342
343
337
332
329
332
333
338
339
334
324
327
341
343
335
327
325
324
326
338
338
335
335
342
338
326
331
340
335
327
334
338
334
328
330
338
342
335
336
340
337
326
330
346
350
332
330
338
332
333
339
339
332
329
338