343
335
338
340
338
338
343
342
339
336
341
345
343
338
338
340
339
342
342
339
332
336
339
342
340
338
341
339
336
336
342
342
337
339
338
326
332
346
343
335
330
337
334
318
328
353
353
337
332
339
338
333
334
337
332
336
337
332
333
329
333
339
334
329
320
332
339
339
335
337
339
333
336
338
332
329
336
336
332
331
333
330
333
332
329
334
330
338
341
336
327
335
338
332
331
341
339
334
334
332
333
334
337
336
333
329
334
333
333
335
334
339
336
332
335
336
335
330
338
342
336
334
335
340
335
330
337
339
335
333
335
336
335
334
330
333
336
339
341
337
331
337
341
337
334
337
334
330
332
342
344
336
333
338
340
336
335
338
340
336
336
339
340
336
339
344
339
330
338
342
338
336
342
343
336
330
336
336
344
340
342
342
336
336
342
340
334
337
345
340
336
336
342
339
340
345
345
337
336
335
342
343
341
344
345
340
341
346
342
338
338
342
342
340
342
345
343
334
339
346
344
340
340
337
339
343
349
346
338
336
346
346
342
338
339
344
340
344
344
338
336
341
346
346
344
344
341
334
336
343
353
346
338
341
343