338
343
336
330
339
344
337
328
336
346
338
332
341
344
335
332
342
344
334
333
346
339
331
335
346
341
332
338
346
337
331
342
345
334
336
344
340
330
331
341
344
336
333
343
339
334
340
345
337
330
339
346
339
331
335
343
336
334
340
344
336
331
346
344
328
335
349
342
328
338
347
342
333
337
347
341
331
339
348
342
334
343
344
336
335
343
341
336
339
347
344
332
342
353
341
327
337
348
339
332
343
345
336
332
346
347
335
334
345
344
336
334
346
346
332
335
342
341
335
339
343
340
335
340
345
339
332
342
345
343
334
341
338
330
336
346
339
326
335
346
342
331
335
344
342
336
336
342
335
330
338
346
337
331
339
348
336
333
342
341
337
339
346
338
330
333
345
339
329
338
346
336
327
337
342
334
331
344
347
336
331
337
337
328
333
344
338
330
333
341
335
328
334
346
337
332
336
338
331
330
342
344
332
332
336
338
331
332
341
340
331
330
340
337
327
332
346
338
326
335
343
336
333
338
339
331
330
340
339
329
331
339
341
329
331
341
337
326
330
342
336
328
338
346
337
331
342
344
332
328
340
338
328
331
343
341
330
335
344
336
329
337
341
332
328
335
343
336
328
338
341
338
330
335
339
338
336
340
336
330
334
340
336
330
334
342
337
330
331
342
338
330
338
344
332
327
335
339
332
333
340
338
327
333
344
342
334
334
337
332
330
338
340
334
329
337
343
335
329
336
340
333
332
339
341
331
333
338
336
330
338
339
334
330
339
344
335
328
338
348
339
332
342
341
333
333
345
347
333
330
340
342
334
336
343
341
333
336
344
341
333
342
347
338
334
346
350
334
332
345
345
334
338
345
346
336
340
349
346
338
342
348
344
337
344
347
340
338
349
351
352
338
343
343
344
349
359
348
335
341
354
350
336
347
356
347
342
351
352
343
344
360
354
339
344
354
350
343
347
360
353
344
346
355
352
343
347
354
350
345
351
359
349
342
356
359
347
347
354
357
345
347
360
356
342
353
364
359
356
398
470
508
469
510
549
455
398
437
507
489
366
349
404
323
304
315
278
387
371
290
364
434
351
268
283
342
274
364
403
307
274
366
364
287
266
294
302
329
330
328
309
282
291
301
306
317
318
311
300
330
330
309
316
339
329
302
305
320
317
321
331
361
336
314
306
332
346
327
312
321
326
328
322
323
326
322
344
358
334
324
331
321
327
332
339
341
330
323
334
335
330
334
345
332
328
329
340
333
324
335
344
334
329
336
342
334
330
338
339
336
346
341
333
329
336
346
338
324
336
347
337
330
339
353
336
328
340
346
337
333
343
341
335
334
346
342
334
336
344
342
334
334
346
341
337
350
347
336
332
342
349
343
338
340
343
334
340
345
347
339
341
351
343
336
342
348
341
336
345
352
341
332
344
347
338
337
347
343
344
340
344
340
332
340
347
340
335
341
346
342
334
342
347
341
335
338
348
345
336
341
342
336
338
349
346
336
336
347
344
335
341
348
342
335
344
346
337
334
343
346
337
336
346
341
335
339
347
343
336
341
348
346
343
337
343
338
333
340
348
338
333
343
349
336
337
345
342
334
336
344
343
337
339
343
339
332
340
347
339
331
339
348
340
334
338
342
335
333
341
343
341
338
339
339
332
336
342
338
332
339
350
337
326
335
342
336
330
338
345
335
333
342
341
331
334
343
342
333
336
347
338
329
332
342
336
330
337
343
336
334
339
340
331
330
338
341
332
334
342
334
327
334
342
338
330
334
341
338
329
336
342
334
328
340
341
330
327
338
342
332
326
338
341
330
329
339
337
329
335
346
335
325
334
341
337
327
337
343
329
324
338
343
334
328
337
343
332
329
337
337
331
334
343
337
328
331
341
334
328
337
340
332
337
339
337
331
332
340
340
331
333
338
338
328
332
338
336
330
335
340
338
329
338
340
331
327
336
341
332
331
342
336
327
329
338
337
328
330
339
337
329
334
339
333
326
334
344
342
326
332
340
332
328
336
339
327
335
339
337
330
331
337
334
326
334
342
331
324
333
341
334
327
336
339
335
329
333
338
332
333
340
337
329
331
341
336
328
330
338
333
327
336
340
336
331
336
341
333
327
338
345
332
326
339
340
330
332
340
334
326
334
344
338
330
333
340
334
332
338
338
331
328
339
343
326
326
341
341
331
334
342
338
331
333
339
336
331
337
345
334
328
340
344
335
332
336
339
336
331
337
339
331
333
340
336
330
334
342
337
328
336
344
341
326
332
340
334
332
337