338
342
336
334
336
341
338
333
336
342
338
335
338
340
336
335
339
341
336
335
340
340
336
340
342
340
336
338
342
336
333
340
343
338
333
338
341
337
333
338
338
332
336
342
340
336
338
342
339
334
337
342
336
332
339
342
335
332
339
342
336
334
340
340
334
335
338
340
337
337
343
339
332
336
342
338
335
339
343
338
336
341
342
336
334
340
338
334
336
341
339
335
336
341
338
334
335
338
336
332
338
340
332
334
342
343
334
332
338
338
334
335
340
338
333
336
340
338
332
336
340
337
331
336
342
336
331
338
340
335
334
340
337
333
335
340
340
330
333
339
338
332
334
339
335
331
338
341
336
334
339
338
331
333
340
341
334
335
340
338
334
334
341
337
337
339
340
334
332
339
341
335
334
339
337
332
332
342
341
335
335
340
340
333
334
341
338
332
338
342
337
334
338
343
337
333
337
342
338
334
339
341
334
336
340
340
334
337
343
337
333
337
342
339
334
338
342
337
334
341
342
336
336
342
343
337
336
340
340
336
338
341
340
336
337
344
339
335
339
341
336
335
341
341
334
336
343
342
337
336
343
344
336
337
343
339
337
340
343
337
336
339
341
337
334
340
341
336
335
343
343
334
333
341
342
336
338
343
336
334
340
341
336
333
341
345
338
335
341
340
336
336
340
341
332
336
344
340
332
338
346
339
331
336
343
340
334
338
341
337
336
341
342
334
334
341
341
336
334
344
341
334
336
341
336
333
335
341
339
334
337
340
338
336
338
338
334
334
341
341
335
336
339
340
335
337
339
337
334
338
340
336
333
339
340
337
332
339
342
338
336
341
338
334
335
339
336
332
336
342
337
335
338
338
334
336
340
338
336
333
340
340
333
333
340
342
337
336
341
338
335
337
341
336
336
339
342
337
335
341
345
337
335
340
344
336
336
338
340
336
338
343
340
334
338
344
338
334
342
349
348
357
364
352
337
378
422
408
371
386
418
393
269
298
346
353
367
316
263
297
361
383
303
272
322
365
365
313
272
285
319
340
330
316
326
317
315
330
328
313
318
325
323
319
320
324
325
323
318
322
318
317
325
322
321
324
328
325
321
327
332
325
329
329
334
337
334
333
337
336
328
334
341
337
334
339
338
334
338
343
340
335
336
342
340
334
340
345
340
336
339
345
342
338
342
343
337
338
344
342
338
340
345
343
339
340
342
341
338
342
346
343
340
343
346
344
339
343
347
342
340
343
346
341
341
346
346
340
342
346
341
342
344
346
343
340
344
347
343
336
345
348
340
338
344
344
340
338
347
346
340
339
345
344
339
340
342
342
341
343
345
342
340
343
346
339
337
341
344
339
338
343
344
338
340
344
343
339
339
344
342
338
342
344
340
337
340
343
336
340
348
346
337
338
344
343
339
338
344
342
336
339
345
338
334
340
346
340
336
340
342
339
338
340
344
340
336
341
345
341
341
344
341
337
342
343
338
335
342
345
340
338
341
344
339
336
344
344
336
340
344
343
336
336
344
342
338
342
345
342
339
344
345
336
336
344
344
336
338
344
345
337
336
344
343
336
337
343
342
338
340
342
338
339
341
345
339
336
344
341
336
340
346
343
337
338
345
343
333
337
346
344
337
339
343
340
334
341
345
338
335
342
345
338
334
342
343
336
337
344
343
335
335
342
342
339
340
344
341
335
340
344
338
334
342
343
338
336
343
343
337
335
339
339
337
340
342
337
334
341
345
340
335
340
344
339
337
341
342
336
336
340
337
337
340
346
343
337
337
342
340
335
338
344
341
337
339
339
336
338
343
345
338
334
339
342
336
338
345
342
335
336
344
340
335
338
343
338
336
341
344
338
334
340
344
337
336
340
342
336
335
339
337
335
341
344
340
335
337
340
340
337
339
341
336
334
339
338
333
336
341
339
333
334
337
337
335
337
340
338
335
337
340
337
334
338
341
336
334
338
340
333
334
342
341
335
333
338
337
334
337
342
337
332
332
339
337
334
339
342
336
333
337
338
334
333
340
338
332
334
337
338
334
336
338
335
334
336
339
335
333
337
337
336
332
336
340
333
332
338
337
332
333
336
337
333
336
338
336
329
334
339
333
329
334
338
332
329
335
336
330
328
336
336
330
331
337
334
328
334
340
334
329
333
337
332
332
336
337
332
331
337
338
331
329
337
340
336
334
337
336
331
336
341
336
332
336
340
335
332
338
339
333
332
336
338
333
331
339
339
332
334
340
338
333
333
338
338
334
337
339
335
330
335
340
336
333
338
339