340
344
342
340
335
336
340
338
337
341
344
339
338
340
338
339
341
339
339
340
341
343
338
344
340
338
338
346
343
346
346
334
338
337
341
337
340
339
336
338
341
341
341
335
335
339
338
342
342
344
333
340
343
340
330
338
345
344
342
341
335
336
343
342
337
342
337
337
337
337
338
344
336
331
337
339
335
338
339
334
330
336
342
342
335
332
334
336
332
336
339
340
334
333
334
337
335
338
341
338
335
342
339
338
334
338
335
336
332
337
336
336
334
328
332
331
330
334
330
320
326
331
327
324
330
334
330
323
326
334
332
328
336
336
332
330
332
333
329
335
334
330
332
335
336
334
333
340
344
336
334
336
339
346
333
332
337
338
342
342
332
329
333
338
332
328
333
337
334
337
344
332
321
328
338
336
331
333
336
334
333
335
337
335
341
339
337
330
329
337
338
334
333
338
338
333
333
346
337
331
336
341
334
330
337
345
338
330
335
338
337
333
334
338
340
335
335
337
334
336
339
340
341
344
335
329
334
340
344
335
330
339
344
337
333
344
339
338
336
337
336
336
339
342
341
336
336
345
337
334
340
345
337
336
344
346
342
335
337
336
335
338
343
341
333
340
342
338
335
339
344
340
335
337
341
342
338
340
337
336
337
339
339
336
337
341
339
335
337
345
346
337
339
338
334
335
337
338
342
336
338
341
340
338
336
336
337
338
341
341
337
338
344
341
340
339
342
341
332
334
343
342
335
337
343
337
335
339
344
347
337
335
336
333
340
346
337
338
337
340
337
342
337
336
337
336
339
343
341
335
337
342
338
340
345
340
337
339
343
338
336
338
343
339
338
342
343
340
341
350
338
333
340
341
341
335
337
338
341
339
341
339
337
342
341
342
340
335
341
354
334
329
334
344
339
340
346
339
333
339
341
331
333
333
343
344
335
333
330
368
379
323
343
405
338
326
340
340
333
390
340
268
355
353
317
362
304
314
322
312
336
335
329
315
316
327
303
296
310
321
308
309
312
326
314
308
314
316
310
319
328
324
330
322
305
348
331
311
320
323
337
321
293
299
335
346
304
295
319
336
330
328
332
344
343
331
338
344
332
326
332
343
336
331
339
344
339
342
347
355
332
332
344
343
338
345
348
344
341
348
351
340
338
349
352
348
342
348
346
343
346
349
346
347
349
354
353
344
344
352
346
342
348
350
347
346
348
356
350
343
349
351
347
346
351
350
349
351
347
346
347
348
350
348
352
349
345
347
350
351
349
348
346
352
354
345
345
348
349
345
346
350
350
347
350
349
345
343
347
348
345
344
347
350
349
347
349
348
345
343
348
348
346
344
347
348
342
342
346
346
343
344
347
346
339
345
347
341
338
344
345
343
343
349
347
339
341
345
345
342
342
346
345
339
339
344
343
339
342
343
340
338
345
346
339
338
343
343
337
338
345
339
335
338
343
341
337
339
338
335
337
342
342
339
338
339
337
338
339
342
340
337
337
340
339
337
336
339
337
336
345
337
332
333
338
340
337
334
337
337
337
337
341
338
335
336
337
337
333
336
339
336
335
338
336
334
333
338
340
335
334
336
339
334
334
338
338
335
335
336
337
339
340
340
333
333
338
340
336
333
342
338
334
332
339
338
334
335
338
338
335
336
339
338
334
339
339
337
332
333
338
336
333
335
334
335
336
339
338
333
330
335
339
336
335
339
336
333
338
340
338
335
336
339
336
335
338
335
331
336
340
339
336
335
340
340
332
335
342
337
333
336
340
339
334
337
344
339
334
337
339
336
336
338
339
336
337
341
340
337
336
338
340
335
338
340
338
336
338
339
337
332
339
341
337
335
338
338
337
335
339
337
333
336
338
338
339
333
339
338
334
338
341
336
334
337
338
336
335
340
340
336
337
341
336
333
339
342
338
332
336
338
333
332
338
341
335
335
339
341
334
332
340
341
335
334
339
337
334
336
339
338
335
338
341
336
336
339
336
333
334
338
340
337
332
339
337
333
334
339
338
333
332
340
341
334
336
339
339
336
334
337
337
336
338
340
336
334
343
339
335
337
340
338
335
338
339
335
338
341
342
340
336
340
342
339
335
338
338
335
336
340
341
333
334
341
342
337
338
340
341
335
337
339
339
338
340
341
338
334
340
342
338
336
341
341
333
336
343
340
336
337
341
340
339
338
338
338
337
339
340
334
340
343
342
340
338
341
338
335
337
341
341
336
336
340
338
337
340
342
337
336
340
342
337
335
341
340
334
337
341
339
333
336
341
339
334
336
344