334
327
335
345
331
320
331
346
338
324
334
343
330
323
340
345
329
328
343
335
322
333
344
335
323
336
343
336
325
335
344
329
321
342
349
331
325
338
344
328
331
350
339
322
328
347
340
322
334
347
337
328
339
345
333
324
340
348
336
328
338
346
331
325
338
342
329
330
344
341
324
333
347
337
322
332
345
335
326
340
346
333
325
341
352
334
323
341
343
325
326
346
341
324
332
346
336
323
334
353
340
318
328
345
334
328
340
344
326
323
345
349
324
325
348
342
325
330
351
343
323
333
349
339
324
335
347
340
329
336
343
333
328
345
348
334
330
346
347
330
333
355
349
321
330
352
343
327
336
354
341
328
339
352
340
329
339
356
337
324
341
349
336
333
350
347
328
334
355
348
325
332
350
342
328
337
353
340
329
344
350
335
330
352
351
330
328
348
349
333
335
351
344
329
338
352
346
333
339
349
338
328
343
352
338
329
345
350
333
330
348
353
333
335
346
341
328
336
353
345
329
338
356
341
327
340
353
340
331
344
353
335
328
346
349
334
332
351
350
330
333
352
349
331
335
350
346
328
342
353
341
329
343
352
336
336
348
350
330
326
349
352
333
331
349
343
326
336
354
347
324
330
350
339
331
340
349
337
329
346
354
335
332
348
342
332
339
352
350
329
332
353
347
333
336
353
344
326
338
356
341
330
340
349
333
329
348
352
331
330
349
348
336
336
348
341
327
334
353
344
329
338
351
341
329
344
356
339
324
343
353
338
332
345
350
335
331
349
347
330
334
356
345
330
335
354
344
326
338
351
337
325
346
355
340
333
346
351
334
336
355
349
332
339
358
348
336
343
366
368
398
433
417
376
367
449
379
232
229
378
437
333
304
322
360
299
303
360
317
288
314
347
347
335
364
339
283
278
331
352
328
325
331
335
327
330
352
333
304
315
344
353
328
312
332
342
324
328
347
338
328
334
342
338
334
346
342
332
332
342
348
333
336
355
353
322
337
356
353
331
339
354
345
325
338
360
343
332
351
362
341
330
344
364
346
342
354
353
342
344
362
359
338
343
359
358
346
347
351
350
336
350
366
352
336
352
360
344
334
352
360
337
340
361
357
339
336
353
351
335
341
356
347
331
342
353
346
336
348
356
340
328
345
356
338
332
350
351
328
332
353
352
331
334
354
347
330
338
351
338
327
344
355
337
325
341
351
333
329
346
352
328
325
345
344
328
330
346
343
325
332
347
338
323
336
349
340
326
336
345
330
324
340
345
331
329
341
346
325
328
345
341
324
331
346
343
324
328
343
335
324
335
344
331
318
339
352
328
318
336
343
323
323
345
344
322
325
346
340
320
330
347
336
317
338
352
337
322
335
346
333
326
342
350
330
328
349
348
329
331
351
349
328
338
356
344
326
338
355
342
330
344
357
347
327
352
361
338
331
351
355
338
335
354
354
337
338
355
350
332
340
364
355
332
347
360
344
335
350
360
342
337
356
359
339
335
354
356
336
339
364
357
337
342
358
349
337
348
361
347
339
351
366
349
333
350
358
343
341
361
360
336
338
360
356
339
340
360
358
340
347
362
352
340
349
362
353
343
351
360
345
341
357
360
345
345
361
354
341
349
363
355
339
342
360
356
344
352
358
347
344
357
363
349
344
357
356
346
341
355
358
348
348
360
354
342
345
361
358
345
349
364
352
339
347
356
350
344
353
358
348
340
352
357
344
346
356
357
346
345
357
351
338
346
357
352
341
350
358
349
340
351
359
344
336
355
362
349
341
351
352
341
343
358
351
337
344
353
352
340
345
354
351
340
351
358
340
334
346
352
341
338
350
351
335
337
352
350
334
336
355
351
332
335
348
343
332
342
351
338
331
344
348
335
330
346
347
334
333
342
340
326
336
346
341
328
332
346
339
331
333
342
334
327
337
345
332
325
339
349
332
326
338
339
326
328
343
342
325
324
340
339
326
333
344
333
326
335
347
336
324
334
340
327
325
340
343
327
325
341
339
324
328
341
336
327
330
337
334
325
332
340
332
322
328
344
330
322
332
338
326
327
339
340
325
318
343
339
323
326
338
333
322
330
336
333
325
332
337
326
323
335
339
326
322
335
341
323
324
338
334
321
330
344
337
321
327
338
332
322
332
339
331
322
333
342
331
324
338
344
329
328
334
333
324
327
338
335
324
332
343
334
323
330
340
337
327
332
339
325
323
339
340
324
324
337
336
324
325
336
335
326
326
339
336
322
326
335
331
322
330
337
329
322
335
338
325
322
334